0.001811683,0.008683626,-0.082112811
0.003303789,0.002448763,-0.081737883
0.001133112,-0.018898989,-0.087736742
0.003202566,0.008706121,-0.09710996
0.001414288,-0.047546366,-0.100859247
0.003078848,0.051086693,-0.086237027
0.002857657,-0.064151422,-0.097859817
0.000150872,0.052725079,-0.091486029
0.006550432,-0.047178948,-0.086237027
-0.008145688,-0.017421817,-0.0911111
0.094513453,1.703272915,-0.092610815
0.322164588,2.455708036,0.018743009
0.506495911,2.160367485,0.119598829
0.675186365,2.356730054,0.05023702
0.83077028,2.298854178,0.305563464
0.961067123,2.305782637,0.220079721
1.082992426,2.267492405,0.074232456
1.18333093,2.294625119,0.434913866
1.272891029,2.301894752,0.08173103
1.350465544,2.173883228,0.130471761
1.420774478,2.135949167,0.315686539
1.480702403,2.071770943,-0.234333864
1.527265107,2.063856454,0.026241583
1.562430821,2.022645621,0.137595407
1.58625203,1.976759578,-0.037121367
1.602069103,1.935713709,0.267695666
1.608187488,1.857723558,0.028866084
1.605611918,1.782264094,-0.148475191
1.595703285,1.673500788,-0.060741876
1.578382858,1.577229703,-0.239582866
1.553286985,1.498407237,-0.167971484
1.519459668,1.410268094,-0.190467206
1.477467007,1.331434381,-0.344562902
1.429569655,1.228519774,-0.302570887
1.374770376,1.111722005,-0.337439256
1.31303168,1.009688453,-0.35956005
1.244128625,0.912982465,-0.269577162
1.173995895,0.835251006,-0.221211359
1.100616522,0.714152944,-0.299571458
1.01576143,0.589519419,-0.37680677
0.927408511,0.48342552,-0.473538374
0.834800466,0.357168605,-0.598014703
0.737221234,0.233543606,-0.594640344
0.630082026,0.099390948,-0.544774827
0.521229521,-0.008948702,-0.517030104
0.407154644,-0.164456609,-0.398177706
0.286575236,-0.255692564,-0.26132873
0.171660581,-0.468798909,-0.294322456
0.04597877,-0.635872993,-0.197590851
-0.011564785,-0.245813512,-0.086986885
0.003116338,-0.045930475,-0.184843275
0.000465788,-0.102081735,-0.10835782
0.000795701,-0.036133905,-0.089986314
0.001837926,-0.054302363,-0.154474051
-0.000134053,-0.031282484,-0.175095129
0.001969141,-0.028050703,-0.146225619
-3.28e-05,-0.034518014,0.018743009
0.001264328,-0.016585753,0.004495718
0.000465788,-0.020762324,0.139095122
0.000379561,-0.013927594,0.284567457
0.000304581,-0.020252437,0.096728178
-0.000231527,-0.016705726,0.159341271
0.000135876,-0.016818201,0.143594266
-0.000403982,-0.013425206,-0.053993159
-0.000310257,-0.010523352,0.070858098
-0.00059893,-0.015839669,0.064859239
-0.000797628,-0.013256494,-0.017625075
-0.000936341,-0.012255466,0.102727038
-0.00113129,-0.009147408,0.058485451
-0.00124376,-0.009323619,0.044988018
-0.001794865,-0.009915987,0.144344123
-0.001869845,-0.010005967,0.073857528
-0.001787367,-0.01287033,0.068233597
-0.002064793,-0.011048235,0.036364658
-0.001764873,-0.008926207,-0.130853542
-0.001446207,-0.009754773,-0.125604541
-0.001614912,-0.01161061,-0.201715067
-0.001723633,-0.007490276,-0.284199381
-0.001611163,-0.006556734,-0.190092277
-0.001404968,-0.007370303,-0.211463213
-0.001652402,-0.007359056,-0.159723052
-0.001959821,-0.0168257,-0.110607393
-0.001663649,-0.010939509,-0.20658914
-0.001491195,-0.004453452,-0.161222767
-0.001596167,-0.011509382,-0.179969202
-0.001633657,-0.006466754,-0.254954942
-0.001704888,-0.007434039,-0.190092277
-0.001543681,-0.009117414,-0.229084862
-0.001562426,-0.006061844,-0.248581154
-0.001708637,-0.006942898,-0.211463213
-0.00154743,-0.004273492,-0.241832438
-0.001693641,-0.010095947,-0.161597696
-0.001644904,-0.009432344,-0.118480895
-0.001438709,-0.006234306,-0.087736742
-0.001446207,-0.01026091,0.007495148
-0.002004809,-0.010692064,-0.055867803
-0.002762109,-0.008082645,-0.07386438
-0.002780854,-0.00797017,-0.037871225
-0.003346955,-0.014943618,-0.090736172
-0.003436931,-0.009717281,-0.0479943
-0.003650625,-0.008806234,0.016118508
-0.004066765,-0.008000163,0.030740727
-0.003984286,-0.010497108,0.071607955
-0.004692849,-0.009814759,0.085855246
-0.004171737,-0.011209449,0.070858098
-0.005255201,-0.01772175,0.071233027
-0.004186733,-0.000385607,0.074607385
-0.005135233,-0.022738135,0.050986877
-0.005521381,-0.000363112,-0.018000004
-0.003871816,-0.012506661,-0.064866091
-0.006398649,-0.00707037,-0.091860958
-0.002852085,-0.005147048,-0.127104255
-0.007898253,-0.031207501,-0.082862669
-0.002244746,0.032876994,-0.049868943
-0.006968498,-0.071244844,-0.048744157
-0.003020791,0.097872536,-0.018374932
-0.009259144,-0.336558325,-0.058867232
-0.198704117,-1.41875884,-0.095610245
-0.451728551,-1.469796237,-0.074989166
-0.645357419,-1.352694786,-0.119230753
-0.843072709,-1.435435131,-0.131978329
-1.013468962,-1.400864071,-0.00187807
-1.166184884,-1.477583255,0.033365228
-1.303046244,-1.48223597,0.034490014
-1.421522458,-1.496392821,0.118474043
-1.530292485,-1.472161961,0.1192239
-1.62248439,-1.488590806,0.197958927
-1.705779894,-1.52642739,0.246699658
-1.773292066,-1.531177583,0.240325871
-1.827349041,-1.537187496,0.299564605
-1.86946167,-1.518812834,0.181087136
-1.899937373,-1.51577226,0.09635325
-1.920388222,-1.481174956,0.045737875
-1.929891963,-1.457592702,-0.076488881
-1.929704512,-1.447874864,-0.047244442
-1.918363757,-1.412299027,-0.051743587
-1.897455528,-1.379377601,-0.118855824
-1.867407213,-1.324414827,-0.120355539
-1.827798922,-1.262043702,-0.134602829
-1.781423669,-1.201805852,-0.118105967
-1.726898067,-1.124880464,-0.116231323
-1.66368226,-1.045784308,-0.171345842
-1.592780983,-0.956347954,-0.201340138
-1.516811045,-0.883212972,-0.25270537
-1.439738897,-0.815064382,-0.322442108
-1.356132225,-0.70237195,-0.371932697
-1.260217553,-0.582451127,-0.395178276
-1.16139365,-0.507850222,-0.370058053
-1.061055146,-0.387003354,-0.370058053
-0.948296172,-0.253874218,-0.400052349
-0.83242552,-0.151803174,-0.371557768
-0.711403728,-0.020934786,-0.438295077
-0.587712641,0.076438554,-0.514030674
-0.457756959,0.240007168,-0.459291084
-0.325720576,0.310390261,-0.468664301
-0.198621639,0.512875219,-0.427047216
-0.055758115,0.692531504,-0.320942393
0.009410926,0.25802566,-0.236958365
-0.006747307,0.046448975,-0.166846698
-0.004093008,0.103451295,-0.081362954
-0.004370434,0.028906627,0.031490585
-0.005251452,0.051566586,0.051736734
-0.00321199,0.025693592,0.020242724
-0.005270197,0.021753218,-0.005627357
-0.003129512,0.025179956,-0.051368658
-0.004449164,0.010794406,-0.123354969
-0.003421935,0.011780437,-0.085112241
-0.003556899,0.005759276,-0.063741305
-0.003530656,0.013100143,-0.05661766
-0.002930815,0.006422879,0.091104248
-0.00309952,0.005455594,0.100852394
-0.002495929,0.002250057,0.132721334
-0.002840838,-0.000479336,0.209956646
-0.002432196,0.003468536,0.147718482
-0.002057295,0.003775967,0.171713918
-0.002023554,-0.000441844,0.141719622
-0.001633657,0.002351284,0.083980603
-0.001344983,0.005354366,0.105351539
-0.001337485,0.001275274,0.043863232
-0.001048812,0.001286521,0.043113374
-0.000748891,0.000960344,0.074982314
-0.001157533,-0.000648048,0.034115085
-0.001172529,0.001222785,0.034115085
-0.000775134,0.00034923,-0.004127642
-0.000958835,-0.004513439,-0.101984033
-0.001026318,-0.001836534,-0.147725334
-0.000943839,0.0004842,-0.230209648
-0.000996325,0.000510444,-0.299196529
-0.000985078,2.68e-05,-0.284199381
-0.000973831,-0.001266661,-0.295447242
-0.000426476,0.005680544,-0.269577162
0.000210856,0.000446708,-0.236208507
0.000473286,-0.001971504,-0.225335575
0.001275575,0.006089203,-0.185218204
0.001624233,-0.001394132,-0.207338997
0.00208911,0.006152939,-0.207713926
0.002703947,0.00111031,-0.20358971
0.002460262,-0.001300403,-0.26995209
0.003757419,0.002842425,-0.275576021
0.00318757,-0.00720534,-0.271451805
0.004346014,0.014322371,-0.243332153
0.004147316,-0.007104112,-0.153724193
0.004154814,0.006876528,-0.088861528
0.005781885,-0.002451397,-0.02474872
0.003296291,0.00228005,0.031115656
0.007116532,0.006970257,0.068983455
0.002741438,-0.024301537,0.087354961
0.007716374,0.037042317,0.065234168
0.003993607,-0.048457413,0.071607955
0.005208286,0.070057473,0.063734453
0.008807336,-0.08686387,0.027741298
-0.002972054,0.189820832,0.08173103
0.198094851,1.582688489,0.088479747
0.545095718,1.892215885,0.184086566
0.827099999,1.697397972,0.239576013
1.10520531,1.858045986,0.138345264
1.35938069,1.839277661,0.447286513
1.593382647,1.975226169,0.471656878
1.822319692,1.988621939,0.325434685
2.035117249,2.012110464,0.644499009
2.239333321,2.099863444,0.517023251
2.422000085,2.163198105,0.493402743
2.591601548,2.279924639,0.838337147
2.743260249,2.31871726,0.68161695
2.88227354,2.366646598,0.636625506
3.010133526,2.409923221,0.724733751
3.122693803,2.391634789,0.408668857
3.222859852,2.3610191,0.324684828
3.309724413,2.33058712,0.110225612
3.384723359,2.309959208,-0.13722733
3.447136877,2.258171978,0.031490585
3.49851331,2.192246643,-0.190467206
3.538575231,2.140931808,-0.395178276
3.567682545,2.070582457,-0.449542938
3.588062163,2.012466635,-0.409425567
3.599384173,1.933347985,-0.192341849
3.601221188,1.845684986,-0.367058624
3.592838402,1.802558329,-0.547774257
3.574415766,1.747951726,-0.22383586
3.547801544,1.672893423,-0.268077447
3.513318151,1.605967061,-0.488535522
3.470388237,1.537402313,-0.234708792
3.418816855,1.470014803,-0.512905888
3.359395047,1.404310669,-0.638132074
3.292478967,1.32882871,-0.733738892
3.217176353,1.265662761,-0.968819187
3.135777847,1.193172637,-0.588266557
3.048238464,1.110683486,-0.649379935
2.952455007,1.037267318,-0.625384498
2.849012324,0.949015699,-0.555272831
2.741771893,0.894319117,-0.860464793
2.634134066,0.837286803,-0.589766271
2.518522096,0.732145192,-0.312319033
2.391539378,0.646581726,-0.338938971
2.262464713,0.576697271,-0.289448383
2.128849997,0.478082958,-0.361809622
1.98519918,0.384316316,-0.460790799
1.83683211,0.290894598,-0.386179987
1.683058967,0.192981379,-0.208088855
1.52604293,0.09650409,-0.126729327
1.361922519,-0.019453865,-0.092985744
1.197048557,-0.090463069,-0.173595414
1.029475308,-0.217664773,-0.396677991
0.854456525,-0.310201688,-0.421423285
0.682631899,-0.441624953,-0.323191966
0.499788932,-0.558688913,-0.238833008
0.327791852,-0.620861332,-0.022124219
0.138485592,-0.91828642,0.185961209
-0.009547817,-0.596424268,0.155217056
-0.014706455,-0.091310381,0.201708214
-0.003549401,-0.153861466,0.266195951
-0.011006182,-0.086800134,0.245949801
-0.005618855,-0.067773117,0.389172564
-0.010076428,-0.072868233,0.359928126
-0.007403384,-0.035466553,0.205457501
-0.008966721,-0.056660588,0.074232456
-0.009240398,-0.026693505,-0.143601118
-0.008678047,-0.038143458,-0.181093988
-0.009817746,-0.027619549,-0.115481466
-0.009097936,-0.024845166,-0.069740164
-0.010372599,-0.026281096,0.056235879
-0.009937714,-0.018827754,0.048737305
-0.010552552,-0.023802898,-0.050993729
-0.010878716,-0.017965446,-0.124104826
-0.011036174,-0.016679482,-0.220836431
-0.011534793,-0.016641991,-0.174345272
-0.01196218,-0.016626994,-0.120355539
-0.012595762,-0.018025433,-0.149599977
-0.012648249,-0.016492024,-0.069365236
-0.012820703,-0.016270823,-0.148475191
-0.013368058,-0.016788208,-0.271451805
-0.013480529,-0.012416681,-0.161597696
-0.013101879,-0.010332144,-0.201715067
-0.013424294,-0.012041764,-0.221586288
-0.013506772,-0.015217308,-0.127854113
-0.013311823,-0.010909516,-0.235083721
-0.013431792,-0.01125069,-0.302570887
-0.013945406,-0.014883632,-0.315693392
-0.014901404,-0.011764326,-0.317942964
-0.01517883,-0.016552011,-0.159348124
-0.015849903,-0.014519963,-0.03074758
-0.016251047,-0.014913625,0.058485451
-0.016963359,-0.020109969,0.110975469
-0.017267029,-0.007546514,0.069358383
-0.017255782,-0.014392491,0.075357242
-0.018268015,-0.012495413,0.037489444
-0.017889365,-0.013725139,-0.015375503
-0.019411463,-0.015592224,0.023617082
-0.018155544,-0.00342993,-0.009751572
-0.019936324,-0.026551036,-0.06224159
-0.019617658,0.004821985,-0.066365806
-0.019242757,-0.027458335,-0.128229042
-0.021533402,-0.005098309,-0.082112811
-0.01752946,-0.013114025,0.028116226
-0.024288925,-0.024822671,0.017993151
-0.015977369,0.025007494,0.06748374
-0.026032214,-0.085405444,0.05886038
-0.014136606,0.128694429,-0.046494585
-0.043401378,-0.578109592,-0.085112241
-0.322533917,-1.763820832,-0.141351546
-0.662734081,-1.666848653,-0.016500289
-0.943752372,-1.580610337,-0.037496296
-1.229636879,-1.622008628,-3.43e-06
-1.481322916,-1.580066708,0.368551486
-1.726984294,-1.648826412,0.141719622
-1.963078199,-1.548112566,0.166839845
-2.190406918,-1.537498677,0.41654236
-2.408872978,-1.523038144,0.080231316
-2.606745726,-1.527154728,0.328809044
-2.793345201,-1.556450711,0.434538937
-2.964465013,-1.572553379,0.092603963
-3.125053856,-1.605576033,0.340431833
-3.271598908,-1.618435672,0.236201655
-3.403252893,-1.632360075,0.031865513
-3.519577175,-1.62910205,0.259822163
-3.620669229,-1.633541062,0.080981173
-3.709565755,-1.631643984,0.066733882
-3.783751164,-1.617644598,0.059610237
-3.843435404,-1.602186787,-0.36218455
-3.889923128,-1.581393912,-0.504282528
-3.924998865,-1.569209123,-0.397802777
-3.949221219,-1.554786081,0.095978321
-3.962402738,-1.532677249,0.412043215
-3.964700881,-1.508333915,0.218205077
-3.955395838,-1.480406377,0.162340701
-3.935672297,-1.453296158,0.103476895
-3.906508748,-1.423606512,0.05023702
-3.868287591,-1.384888875,0.12522276
-3.821203774,-1.341038629,0.143969195
-3.764762429,-1.29828314,-0.158598266
-3.699844572,-1.251471054,-0.41130021
-3.625876604,-1.199638834,-0.442044364
-3.544579323,-1.150974659,-0.711618099
-3.456792504,-1.092405188,-0.548899043
-3.359546934,-1.031889899,-0.271076876
-3.254608395,-0.970032409,-0.458166298
-3.142715443,-0.903874626,-0.362559479
-3.029180424,-0.863784794,-0.552273401
-2.913624689,-0.793611654,-0.782479623
-2.784816203,-0.695038582,-0.531652323
-2.649120786,-0.629319451,-0.532777109
-2.511749562,-0.554954743,-0.335939541
-2.366351707,-0.457971317,-0.076113952
-2.211401374,-0.366934068,-0.149225049
-2.05384548,-0.291913257,-0.115106537
-1.891985722,-0.1896735,-0.194216493
-1.723216539,-0.104961094,-0.372307625
-1.553120207,-0.009162404,-0.248206226
-1.377876483,0.085995178,-0.274076306
-1.202261608,0.175813948,-0.495659168
-1.017409172,0.302963163,-0.371557768
-0.83462244,0.372270246,-0.533152038
-0.647839264,0.53539271,-0.695496165
-0.457734465,0.583385784,-0.250080869
-0.274850259,0.784809727,-0.082112811
-0.075567883,0.904213166,0.019492866
0.009770831,0.301287286,0.3674267
-0.013075636,0.074530228,0.326559472
-0.007587085,0.138172321,0.123348116
-0.008111946,0.042249909,0.165340131
-0.008944227,0.081454938,0.095603392
-0.006218696,0.039183091,-0.072364665
-0.00881676,0.037675926,0.038239301
-0.005645098,0.034987774,0.059235308
-0.007294662,0.022686761,-0.084362384
-0.005858791,0.02907159,-0.055117945
-0.006068736,0.014573566,-0.032247294
-0.00571258,0.018712645,-0.07386438
-0.004831563,0.010884386,-0.000378355
-0.005195217,0.014704786,0.12222333
-0.004167988,0.004949456,0.035239872
-0.004366685,0.004012165,-0.03074758
-0.003815581,0.011274299,-0.008251858
-0.003238233,0.006835287,-0.127854113
-0.003122014,0.003967175,-0.067865521
-0.00272087,0.006497862,0.066733882
-0.002136025,0.009714646,0.078731601
-0.001030067,0.005451845,0.105726467
-0.000351496,0.002643719,0.069733312
0.000113381,0.006599089,-0.043120227
0.001196845,0.010048322,-0.195341279
0.001354304,0.001661438,-0.265827875
0.001946647,0.005864253,-0.235083721
0.002640214,-0.001397882,-0.251580584
0.002703947,-0.002946287,-0.257204514
0.004098579,0.006175434,-0.216337286
0.003348777,0.000315487,-0.244456939
0.004968349,0.007933793,-0.20358971
0.004405998,-0.005671931,-0.034871795
0.005107063,0.016001998,0.000746431
0.006302997,-0.006815427,-0.013125931
0.004413496,0.010854393,0.04161366
0.00848867,0.0007054,-0.082112811
0.00356622,-0.011231944,-0.214087714
0.009950784,0.037810896,-0.220836431
0.003997356,-0.049589661,-0.217837001
0.009388432,0.083696939,-0.158973195
0.007536421,-0.122698398,-0.080238168
0.006981568,0.345827378,0.030365798
0.257257977,1.724736891,0.008619934
0.62957216,1.816201544,0.123348116
0.929335502,1.642450195,0.187085995
1.241789243,1.759146736,0.066358954
1.532836136,1.722011247,0.419916718
1.808174677,1.79288923,0.357678554
2.076360108,1.681392782,0.218205077
2.333452217,1.673200855,0.481030096
2.590356877,1.712233422,0.184836423
2.832599158,1.726592728,0.33855719
3.062229769,1.757628324,0.582635774
3.273355267,1.782170365,0.276693954
3.477372643,1.860257994,0.550016977
3.671485133,1.888024317,0.519647752
3.849679328,1.916465491,0.194959498
4.01303494,1.939504116,0.37605006
4.159272574,1.951235256,0.210331575
4.292793565,1.984422874,0.209956646
4.413849098,1.98785711,0.249699088
4.522739093,2.017700471,-0.035621653
4.618035178,2.053692465,0.232452368
4.698556415,2.051694159,0.385423277
4.765682439,2.078088288,0.390672279
4.819446991,2.073615533,0.528646041
4.860468659,2.074830262,0.271444953
4.888769935,2.072292077,0.121848401
4.90439206,2.019841245,0.115474613
4.908264787,2.01365887,-0.084737312
4.901689024,1.987995829,-0.09973446
4.885557034,1.953203568,-0.184093418
4.85887533,1.93364042,-0.463040371
4.82183886,1.879146292,-0.472413588
4.775328642,1.836447041,-0.520779391
4.720296924,1.792945468,-0.532027252
4.657568489,1.735950646,-0.421798214
4.586809674,1.684474597,-0.521529248
4.508039225,1.630265406,-0.547399328
4.421365863,1.570136281,-0.647505291
4.327783075,1.500514269,-0.779480194
4.226642283,1.430374871,-0.679749159
4.118959469,1.370283239,-0.643006147
4.006009296,1.29030228,-0.557522403
3.88587227,1.214932796,-0.419173713
3.758979529,1.144392238,-0.43154636
3.626463272,1.069926303,-0.476912733
3.494629336,1.025806117,-0.517030104
3.361295795,0.945026587,-0.56989505
3.213940957,0.83473737,-0.606638063
3.059924128,0.767027433,-0.558272261
2.90681456,0.690566941,-0.523403891
2.744894818,0.577068439,-0.575518981
2.575255864,0.488044492,-0.497533811
2.401875399,0.409195782,-0.389554346
2.225139569,0.315489127,-0.368558338
2.042727739,0.204678777,-0.14322619
1.855982053,0.123659299,-0.023249006
1.670679736,0.030170096,-0.101984033
1.477163337,-0.087602455,0.032990299
1.283392006,-0.186812886,-0.07386438
1.083925929,-0.315233069,-0.240332723
0.885033451,-0.393496909,-0.103858676
0.685005022,-0.569917665,-0.12298004
0.479281848,-0.63049294,-0.090736172
0.286275315,-0.800918779,0.052486592
0.071393309,-0.999617078,0.064109382
-0.04221669,-0.417240378,0.139095122
-0.022403173,-0.089810714,0.167589703
-0.023790306,-0.176671392,0.133096262
-0.025852262,-0.079954157,0.224953794
-0.023085492,-0.100255891,0.161965772
-0.026688291,-0.065872289,0.085480317
-0.023381664,-0.059416226,0.099352679
-0.026545829,-0.058388954,-0.075739024
-0.024806288,-0.035162871,-0.067865521
-0.02600972,-0.047872543,-0.018000004
-0.026309641,-0.032309755,-0.112856965
-0.026182175,-0.03665129,0.007870077
-0.027246893,-0.031919842,-0.034121938
-0.026856996,-0.033565726,-0.130853542
-0.027651787,-0.031604912,-0.070115093
-0.027576806,-0.028823031,-0.199840423
-0.02843533,-0.025107607,-0.227585147
-0.028506561,-0.022813118,-0.194591421
-0.028637776,-0.024234052,-0.234333864
-0.029829961,-0.02666726,-0.175470058
-0.030546022,-0.034780456,-0.150724764
-0.031438287,-0.025966166,-0.11435668
-0.032503006,-0.030052757,-0.088486599
-0.033151584,-0.029089222,-0.093735601
-0.033271553,-0.019892518,-0.069365236
-0.034295032,-0.023626687,-0.117731038
-0.034441244,-0.017384325,-0.154848979
-0.035067328,-0.027293371,-0.18634299
-0.035794636,-0.022528181,-0.258329301
-0.035359751,-0.028568088,-0.230584577
-0.037155527,-0.022370716,-0.170595985
-0.035689664,-0.018415346,-0.082112811
-0.038212748,-0.038338414,0.064859239
-0.036848108,-0.003804846,0.12222333
-0.037766616,-0.045761763,0.133471191
-0.039194988,-0.001694066,0.140969765
-0.035700911,-0.030948808,0.045362947
-0.042494117,-0.02172586,-0.034121938
-0.033147835,0.002212565,-0.02774815
-0.046524303,-0.082541081,-0.117731038
-0.027584304,0.126977311,-0.118480895
-0.085900155,-0.791373402,-0.129728756
-0.414403407,-1.864193504,-0.176594844
-0.767192746,-1.657614457,0.005245576
-1.064429255,-1.692519193,-0.138352117
-1.376871748,-1.761166422,0.059610237
-1.656877807,-1.753544368,0.392921851
-1.931751472,-1.774783393,0.022867225
-2.193376134,-1.663508146,0.264696236
-2.45017957,-1.716416377,0.301439249
-2.701580683,-1.736718111,0.01836808
-2.938038242,-1.771296669,0.382798777
-3.160729436,-1.798069463,0.230952653
-3.367547321,-1.836989555,0.238826156
-3.568479261,-1.896451328,0.462283661
-3.756968237,-1.919561187,0.214830719
-3.932391913,-1.949363308,0.344930978
-4.090963789,-1.953738584,0.265446093
-4.232159004,-1.966065842,0.13084669
-4.360678815,-1.986922453,0.284192528
-4.478004083,-2.006766788,0.069733312
-4.584550948,-2.020417502,0.15409227
-4.676409191,-2.020432498,0.259072306
-4.753616302,-2.020747428,0.149968054
-4.81803929,-2.023443079,0.362927555
-4.870517932,-2.021849683,0.420666575
-4.910028749,-2.008600131,0.356178839
-4.93585193,-1.992096302,0.406794213
-4.949273385,-1.975708697,0.278943527
-4.951222871,-1.954173488,0.049112234
-4.94300879,-1.932960707,-0.084737312
-4.924998546,-1.909509673,-0.265827875
-4.897004688,-1.876929421,-0.428921859
-4.858704802,-1.836468421,-0.562396476
-4.810496282,-1.793472985,-0.641131503
-4.754456081,-1.753589358,-0.602513847
-4.69042299,-1.708246944,-0.690622092
-4.617688447,-1.653265425,-0.605138348
-4.537152214,-1.598816287,-0.449542938
-4.449170447,-1.539759424,-0.485536093
-4.353177046,-1.474220253,-0.34493783
-4.250105514,-1.42258299,-0.296946957
-4.141912835,-1.356946341,-0.335564613
-4.025536066,-1.275476963,-0.27857545
-3.901053938,-1.208659327,-0.257579443
-3.771146993,-1.132457528,-0.226085432
-3.637903428,-1.073235702,-0.274076306
-3.505555877,-1.013061588,-0.233209078
-3.36554535,-0.913708689,-0.274451235
-3.213695449,-0.831905636,-0.432296217
-3.059892314,-0.762872242,-0.384680272
-2.901028015,-0.667017315,-0.470913873
-2.733192335,-0.571293609,-0.594640344
-2.561371458,-0.478617974,-0.51215603
-2.38489431,-0.390550065,-0.559022118
-2.205181767,-0.297649481,-0.607762849
-2.019523294,-0.190562052,-0.461540656
-1.832556416,-0.112759359,-0.439419863
-1.642702801,0.006884026,-0.360309907
-1.44661833,0.098063743,-0.162347553
-1.251313655,0.213605541,-0.154848979
-1.048154803,0.324569607,-0.092235886
-0.850495748,0.415760572,-0.042370369
-0.643921548,0.599432214,-0.022124219
-0.445119046,0.625878831,0.052861521
-0.242803721,0.913492351,0.028491155
-0.042647827,0.845160052,0.094478606
0.006288001,0.174479245,0.141719622
-0.016734669,0.110199793,0.12522276
-0.006492374,0.123940487,0.236951512
-0.011294856,0.046152791,0.257947519
-0.008348134,0.083295778,0.181836993
-0.008261907,0.026207228,0.257947519
-0.009154171,0.047667454,0.241450657
-0.006818538,0.028655433,0.127097403
-0.008370628,0.02727574,0.140594836
-0.00631992,0.023432845,0.046112804
-0.007133455,0.009463452,-0.064866091
-0.006042493,0.011641718,-0.092610815
-0.005648847,0.002336288,-0.139851831
-0.005532628,0.014258636,-0.125604541
-0.005045256,0.001016581,-0.110607393
-0.004674104,0.006689069,-0.059992018
-0.003808083,0.009268496,-0.069740164
-0.003946796,0.003772218,-0.163097411
-0.003017042,0.012777715,-0.145475762
-0.001742378,0.009380971,-0.185593133
-0.000775134,0.008068762,-0.211463213
6.84e-05,0.009219756,-0.141351546
0.000911921,0.01055071,-0.167596555
0.001264328,0.003026134,-0.172095699
0.002119102,0.002291298,-0.145100833
0.002434019,0.001485227,-0.143601118
0.002775179,0.001466481,-0.093360672
0.003877388,-0.002428902,-0.090736172
0.003161327,0.003164853,-0.071239879
0.005125808,0.007037742,-0.058117375
0.004049842,-0.007156601,-0.141351546
0.005808128,0.010445734,-0.128978899
0.005440725,-0.015041097,-0.082862669
0.005133306,0.021794459,-0.059242161
0.008031291,-0.007805206,0.020617652
0.003772415,0.007033993,0.042738446
0.010790562,0.018806374,-0.025873506
0.002010381,-0.033528234,-0.006002285
0.013054964,0.08270341,-0.0479943
-2.84e-06,-0.152260572,-0.125229612
0.032890976,0.625301459,-0.080988025
0.335874717,1.88036852,-0.140976617
0.698501458,1.748705309,0.011994292
0.99629657,1.696153249,-0.055867803
1.309953742,1.801032419,-0.067865521
1.594424872,1.779980852,0.353179409
1.870659427,1.831850563,0.059985166
2.134413527,1.72388583,0.221204507
2.390572134,1.743332754,0.50877482
2.642779283,1.767841052,0.076856957
2.882535971,1.820970483,0.435288795
3.111847917,1.853003358,0.418791932
3.320105422,1.868127493,0.142844409
3.520729943,1.936538525,0.546642618
3.712266864,1.97036725,0.35017998
3.890363584,1.995790345,0.308187965
4.054090349,2.001080418,0.515148608
4.202011288,2.018787729,0.283442671
4.335104892,2.034991625,0.400045497
4.454030987,2.044761951,0.37305063
4.56270354,2.070889889,0.290566316
4.659529221,2.070065073,0.483279668
4.742134907,2.07088614,0.331058616
4.811199169,2.078005806,0.340056905
4.867569284,2.058277695,0.398920711
4.911751367,2.05546582,0.14809341
4.94328429,2.045841711,0.18858571
4.961860634,2.023567916,0.161965772
4.968638844,2.003322419,-0.159348124
4.964597412,1.965110919,-0.200215352
4.950594859,1.944936657,-0.332565183
4.926552458,1.910718019,-0.554522974
4.892230272,1.868791096,-0.542150326
4.84808193,1.831333178,-0.604763419
4.794583557,1.774128403,-0.548524114
4.733373471,1.739501106,-0.452167438
4.664219232,1.693337625,-0.395928133
4.586667212,1.631037734,-0.295447242
4.501403477,1.578328209,-0.364809051
4.408724201,1.519897457,-0.306695103
4.308385697,1.449116952,-0.295447242
4.200777863,1.385223665,-0.434170861
4.087531518,1.323984788,-0.3824307
3.967979338,1.238353836,-0.395178276
3.841450251,1.173309555,-0.420298499
3.708289165,1.105393413,-0.432671146
3.57402212,1.046640233,-0.482161734
3.440523623,0.988820595,-0.49790874
3.295894316,0.877725308,-0.566895621
3.141240155,0.806213716,-0.527528107
2.987613223,0.736580455,-0.556022688
2.827373038,0.620648744,-0.683498446
2.657306697,0.538002129,-0.596889917
2.484323627,0.453192245,-0.580018125
2.307317869,0.357116117,-0.636632359
2.125464641,0.255719923,-0.430421574
1.937841686,0.164217777,-0.361434693
1.751530885,0.08593894,-0.360684836
1.559424115,-0.037926006,-0.180344131
1.363193433,-0.125382801,-0.283449523
1.16594677,-0.253566787,-0.344187973
0.9630466,-0.350621447,-0.20958857
0.765110119,-0.48583137,-0.228335005
0.556144051,-0.627879771,-0.1747202
0.361472957,-0.691011977,-0.077238738
0.151205983,-0.999808286,-0.01912479
-0.021990781,-0.696219569,0.072357813
-0.034647439,-0.118716784,0.149218196
-0.019823854,-0.159627684,0.232077439
-0.028978936,-0.111120974,0.276319026
-0.022778074,-0.07858946,0.264696236
-0.027580555,-0.086226512,0.245949801
-0.025106209,-0.049518427,0.154842127
-0.026260904,-0.072995705,0.036364658
-0.026830753,-0.041135292,-0.004502571
-0.026107194,-0.050519455,-0.077613667
-0.027749261,-0.041037814,-0.113606822
-0.02695822,-0.039538147,-0.079863239
-0.028180397,-0.038889542,-0.108732749
-0.027655536,-0.029362911,-0.096360102
-0.028176648,-0.033168314,-0.068990307
-0.028694011,-0.028688061,-0.047244442
-0.029222622,-0.031473691,-0.022124219
-0.029477554,-0.025804952,-0.089611386
-0.029530041,-0.025137601,-0.100859247
-0.030699732,-0.028699308,-0.123729897
-0.031760702,-0.027968221,-0.202839853
-0.032604229,-0.024612718,-0.154474051
-0.033417764,-0.026633518,-0.151099692
-0.034471236,-0.025313812,-0.136852402
-0.034767408,-0.025782457,-0.076488881
-0.035614684,-0.029122964,-0.130103685
-0.035573445,-0.02258067,-0.109107678
-0.036398227,-0.02743584,-0.126729327
-0.036686901,-0.015633465,-0.197590851
-0.036698148,-0.027953224,-0.127104255
-0.038122772,-0.018302871,-0.117731038
-0.036668156,-0.018505326,-0.104983462
-0.039397435,-0.032099802,-0.005627357
-0.037129284,-0.006837922,0.044613089
-0.039933543,-0.043969662,0.074232456
-0.038865075,0.003775967,0.107226182
-0.038370206,-0.046511596,0.090354391
-0.04255785,-0.000899243,0.039739016
-0.034576208,-0.033453251,-0.051368658
-0.048886179,-0.037869769,-0.191217063
-0.023325429,0.067684251,-0.202464924
-0.134532313,-1.093016302,-0.332940112
-0.496004359,-1.893688193,-0.293572598
-0.830952159,-1.628637153,-0.117731038
-1.13223385,-1.761455108,-0.313443819
-1.440811114,-1.794335294,0.083230745
-1.717435566,-1.827230476,0.284942386
-1.991608165,-1.815821764,0.016118508
-2.24924763,-1.739477497,0.419541789
-2.504907618,-1.803843179,0.334807903
-2.750771443,-1.822885193,0.261321878
-2.98556819,-1.883100548,0.613754856
-3.206066214,-1.900965324,0.392546923
-3.408606479,-1.943578345,0.542143474
-3.60571068,-2.004483546,0.722859107
-3.791601591,-2.037341237,0.518148037
-3.965188252,-2.066629722,0.701488172
-4.123055315,-2.073546933,0.640374793
-4.264074326,-2.084873164,0.550016977
-4.390565923,-2.092465225,0.599507565
-4.504708282,-2.10794928,0.343056334
-4.608863277,-2.122177365,0.382423848
-4.700744014,-2.121678726,0.427415292
-4.77771119,-2.116444891,0.287941815
-4.841136941,-2.112459527,0.434913866
-4.893461873,-2.106100942,0.422541219
-4.933358838,-2.090151989,0.244825015
-4.95981935,-2.069509081,0.285317315
-4.974061839,-2.046654165,0.121098544
-4.976524939,-2.020035087,-0.110607393
-4.968442073,-1.994192086,-0.13722733
-4.951342839,-1.966028351,-0.302945816
-4.924589904,-1.928263002,-0.463415299
-4.887320995,-1.885934917,-0.590516129
-4.840300912,-1.843006967,-0.649754863
-4.785415405,-1.798958015,-0.603638633
-4.722540759,-1.750912453,-0.623509854
-4.651245835,-1.699331427,-0.462290513
-4.572209207,-1.643915005,-0.40267685
-4.485198434,-1.585004359,-0.518529818
-4.390498441,-1.52282819,-0.464165157
-4.288375409,-1.461371861,-0.485161164
-4.180636359,-1.3993869,-0.519279676
-4.065860418,-1.324471065,-0.453292225
-3.942799165,-1.253525597,-0.406801066
-3.813870711,-1.178006146,-0.441669435
-3.679764874,-1.111327228,-0.525278535
-3.546251381,-1.063941519,-0.496034096
-3.409592468,-0.972270662,-0.535026681
-3.259692053,-0.872261658,-0.590516129
-3.10421311,-0.803764396,-0.493034667
-2.947377026,-0.716592537,-0.599139489
-2.782244382,-0.622151045,-0.743487038
-2.610685935,-0.528864297,-0.701495024
-2.434793633,-0.432938136,-0.80947449
-2.256119566,-0.345908745,-0.795227199
-2.071694517,-0.23678552,-0.543650041
-1.883486717,-0.16175721,-0.490785095
-1.695653818,-0.054714771,-0.357685406
-1.499831778,0.061029481,-0.199840423
-1.304658318,0.156412014,-0.30182103
-1.103066552,0.29138199,-0.211838142
-0.903679204,0.372502694,-0.117731038
-0.700760289,0.555765678,-0.089611386
-0.496131825,0.608130279,0.017993151
-0.300770914,0.815541641,0.023617082
-0.086499997,0.95926217,0.063359524
0.009418424,0.329930914,0.037489444
-0.013877924,0.074192803,0.061484881
-0.008839254,0.148943675,0.187085995
-0.008618063,0.046598941,0.210331575
-0.009780256,0.079044224,0.219329863
-0.006908514,0.040191617,0.164215344
-0.009521574,0.042714805,0.055486021
-0.006181206,0.038508241,-0.043870084
-0.007808277,0.020958395,-0.081737883
-0.006488625,0.028404239,-0.053993159
-0.006466131,0.010153299,-0.035996581
-0.005926274,0.019121304,0.055111093
-0.005187719,0.01230532,0.104226752
-0.005318934,0.013077648,0.074232456
-0.004606622,0.011619223,0.093728749
-0.004239219,0.009935847,0.117349257
-0.003313214,0.010603199,0.070858098
-0.003676868,0.003659743,0.011244435
-0.002649639,0.009962091,-0.017250146
-0.001086302,0.011071844,-0.1747202
-0.000516452,0.008466174,-0.258329301
0.00072447,0.011251804,-0.253830156
0.001489268,-0.003579896,-0.297696814
0.001939149,0.001537715,-0.182218774
0.003116338,0.009231004,-0.136477473
0.002910143,0.003386054,-0.160097981
0.004031097,0.00816999,-0.127854113
0.003929874,-0.003118749,-0.182593703
0.004630939,0.01356504,-0.167971484
0.005493211,-0.001262912,-0.109857535
0.004600946,0.011319289,-0.054368088
0.007172767,0.006317902,0.050611948
0.004218547,-0.006552985,0.103101966
0.008316215,0.024745053,0.100852394
0.005463219,-0.025748715,0.13947005
0.007675135,0.038928148,0.139844979
0.008387447,-0.040366713,0.071982884
0.004068587,0.048304812,0.038989159
0.015626785,-0.026704752,-0.129728756
-0.008857999,0.012099116,-0.20658914
0.152248207,1.376173178,-0.323941823
0.527955244,1.945052881,-0.387679702
0.84853309,1.661897119,-0.218961787
1.156090623,1.824408469,-0.364809051
1.460843897,1.813922051,0.031115656
1.738443091,1.888620435,0.239201084
2.01307307,1.839855033,-0.034121938
2.27073128,1.776362906,0.452535515
2.528037083,1.850607641,0.357303625
2.771336585,1.870137046,0.338182261
3.007794144,1.937966958,0.839461933
3.231827484,1.955603035,0.628002146
3.436392214,2.000293093,0.778723484
3.631595667,2.049365927,0.862707513
3.816954219,2.092173904,0.545892761
3.992317911,2.123321976,0.710111532
4.151958255,2.127873463,0.624627788
4.297408596,2.154462548,0.544393046
4.428211555,2.158031754,0.607006139
4.543838521,2.166126204,0.383548634
4.648848291,2.179975623,0.426290506
4.742798482,2.179791914,0.437913295
4.82380709,2.183915996,0.39629621
4.890966855,2.171779946,0.69323974
4.94548121,2.159827605,0.716110391
4.988182434,2.151440721,0.5751372
5.018009557,2.130580361,0.67899245
5.035626155,2.108797706,0.464908162
5.041534595,2.082373584,0.237326441
5.036623392,2.046981457,0.191210211
5.021364921,2.012590358,-0.114731608
4.996036609,1.984659071,-0.300321315
4.961230801,1.94690122,-0.476162875
4.916242681,1.896549921,-0.700745167
4.862088231,1.847896994,-0.822971923
4.800345785,1.802479597,-0.930951388
4.73103034,1.752754408,-0.803850559
4.653137159,1.698391501,-0.79485227
4.56724734,1.643919868,-0.821097279
4.474571813,1.576858536,-0.6737503
4.374263301,1.501016657,-0.728114962
4.266374291,1.445866425,-0.73148932
4.152528105,1.38619095,-0.662877368
4.032964678,1.310375315,-0.58714177
3.906728013,1.238972449,-0.478037519
3.773068308,1.163857908,-0.485536093
3.636630587,1.108302766,-0.505032385
3.50188367,1.037765957,-0.617885924
3.358828946,0.92694061,-0.715742315
3.204212276,0.850866283,-0.74011268
3.049441896,0.794283869,-0.886334873
2.890348908,0.685261871,-0.953822039
2.720653719,0.585042915,-0.926077315
2.547734382,0.508799875,-1.067050506
2.370998553,0.412382573,-1.038555925
2.18958021,0.315076719,-0.83234514
2.002519607,0.211910918,-0.781354837
1.814874158,0.134096978,-0.507656886
1.624596905,0.014116167,-0.288698525
1.426780392,-0.084261949,-0.325441538
1.2309696,-0.192601598,-0.210713356
1.027570811,-0.320796832,-0.210338427
0.828832042,-0.420056001,-0.202089996
0.622662735,-0.595250779,-0.107607963
0.42137089,-0.631137796,-0.069365236
0.221091278,-0.912336494,0.054736164
0.015997937,-0.896683726,0.011994292
-0.045478329,-0.238903799,0.069733312
-0.0209748,-0.127309873,0.19420964
-0.030156125,-0.152564255,0.103851824
-0.026178426,-0.068402976,0.272944667
-0.027674281,-0.099689767,0.278193669
-0.028514059,-0.049106019,0.124097974
-0.026845749,-0.069400255,0.22907801
-0.029575029,-0.046500349,0.069733312
-0.027756759,-0.042473744,-0.029622793
-0.029545037,-0.050414478,0.109100826
-0.029023924,-0.032489715,0.076856957
-0.02964626,-0.043710969,0.126347546
-0.030006165,-0.033370769,0.173588562
-0.029983671,-0.030408928,0.086980032
-0.030602257,-0.028181924,0.095603392
-0.031014649,-0.0305364,0.002996003
-0.031595745,-0.027889489,-0.095610245
-0.031588247,-0.028605579,-0.112856965
-0.032982879,-0.039136987,-0.235083721
-0.034223801,-0.028159429,-0.246331582
-0.034684929,-0.024717694,-0.304445531
-0.035873366,-0.029359162,-0.401552064
-0.03649945,-0.02437652,-0.253080299
-0.037226758,-0.0296366,-0.17771963
-0.037792859,-0.021740856,-0.159723052
-0.037721627,-0.026708501,-0.037871225
-0.03911251,-0.025879936,-0.04499487
-0.038325218,-0.018167901,-0.101609104
-0.039888555,-0.031548675,-0.117356109
-0.039423678,-0.010872024,-0.10273389
-0.040019771,-0.035470302,-0.049119086
-0.041181964,-0.012772851,-0.014250717
-0.0393412,-0.027870743,0.081356102
-0.043281409,-0.025351303,0.082105959
-0.038388951,-0.008735,0.053236449
-0.04490848,-0.051325525,0.078356672
-0.038625139,0.026844586,-0.003377784
-0.04407245,-0.107503029,-0.095985173
-0.042047985,0.096740288,-0.143601118
-0.042617834,-0.358682154,-0.233958935
-0.299417521,-1.69172062,-0.377556627
-0.678761098,-1.78311404,-0.191966921
-0.98181982,-1.679082182,-0.221961217
-1.296485476,-1.851300122,-0.240332723
-1.588915754,-1.829659936,0.364052342
-1.865468975,-1.905902976,0.268445523
-2.134201761,-1.8131861,0.313062038
-2.390154171,-1.835703591,0.710861389
-2.643459781,-1.881683363,0.416917288
-2.881274481,-1.921405777,0.631376505
-3.114305445,-1.994731966,0.765226051
-3.329817285,-2.005683279,0.607381068
-3.528732257,-2.056626947,0.821465356
-3.719095738,-2.101575698,0.650497868
-3.900386615,-2.146569439,0.622753145
-4.070392971,-2.17349595,0.65574687
-4.224394804,-2.182085289,0.502026103
-4.362826998,-2.193628971,0.654622084
-4.48653683,-2.199357697,0.522272253
-4.59749253,-2.211774934,0.465658019
-4.697947253,-2.227285234,0.620878501
-4.78740613,-2.221470278,0.481030096
-4.862570031,-2.213113387,0.585635203
-4.924158767,-2.210462726,0.742730329
-4.974380505,-2.197704314,0.63550072
-5.012541678,-2.182988838,0.648248296
-5.038301126,-2.158409306,0.617129214
-5.051557625,-2.130328052,0.356928696
-5.052716069,-2.102460501,0.170589132
-5.043793425,-2.069659048,0.034490014
-5.025625723,-2.035605373,-0.214837571
-4.997961778,-1.997202666,-0.437920148
-4.96042669,-1.953828564,-0.581892769
-4.913294136,-1.908396171,-0.676374801
-4.857861275,-1.860759268,-0.824096709
-4.79414685,-1.812518749,-0.854465934
-4.723024381,-1.76122266,-0.72286596
-4.644340159,-1.700714869,-0.742362252
-4.556991975,-1.640930668,-0.690622092
-4.462674381,-1.577198596,-0.593890487
-4.360971238,-1.516525842,-0.644130933
-4.253048487,-1.455189486,-0.631008428
-4.13905234,-1.37587588,-0.571019836
-4.016534693,-1.306400085,-0.544774827
-3.888018631,-1.228822342,-0.591640915
-3.753571634,-1.155672364,-0.602888776
-3.617801237,-1.109133966,-0.657628366
-3.482120816,-1.028320693,-0.857090434
-3.334762229,-0.925229876,-0.899832306
-3.178113595,-0.847697123,-0.938824891
-3.021285009,-0.770314337,-1.108292663
-2.858124344,-0.667163532,-1.092545658
-2.68663338,-0.572954489,-1.048304071
-2.510973517,-0.482037214,-1.107917735
-2.332063261,-0.393062006,-0.944073893
-2.148894131,-0.289956192,-0.768232333
-1.959572875,-0.193816328,-0.689872234
-1.771934924,-0.104972342,-0.435670576
-1.577822433,0.019252525,-0.335189684
-1.38103315,0.103346318,-0.326191395
-1.181870742,0.242384139,-0.237708222
-0.978494448,0.334947299,-0.207713926
-0.779320794,0.477906747,-0.113606822
-0.569829864,0.599199766,-0.057742446
-0.375724871,0.692362792,0.071607955
-0.161303993,0.998744637,0.15671677
-0.003305716,0.594202127,0.094853535
-0.004033024,0.075231322,0.234327011
-0.013697971,0.150552067,0.216330434
-0.00578756,0.072891843,0.185961209
-0.011238621,0.065029842,0.346430693
-0.00590378,0.063841356,0.18858571
-0.009101685,0.025224946,0.110975469
-0.007058475,0.044454419,0.154842127
-0.006908514,0.018982585,0.002996003
-0.006990992,0.032070923,0.04723759
-0.005881286,0.017239223,0.138345264
-0.006417394,0.017152992,0.125972617
-0.004891547,0.015162185,0.202833001
-0.005217711,0.01068568,0.16833956
-0.004595375,0.015120944,0.103101966
-0.004366685,0.005316875,0.077606815
-0.003556899,0.005253139,-0.041995441
-0.003125763,0.006715314,-0.043120227
-0.002893325,0.009568429,-0.072364665
-0.001311242,0.009238502,-0.188592562
-0.000216531,0.006426628,-0.184843275
0.000514526,0.010704426,-0.272576591
0.001485519,0.006464119,-0.310819319
0.002059118,0.001638943,-0.19796578
0.002973876,0.008166241,-0.191966921
0.002955131,-0.001922765,-0.135727616
0.003697435,0.003254833,-0.072364665
0.004480978,-0.003801097,-0.132728186
0.004233543,0.003813459,-0.127854113
0.006006825,0.006809043,-0.110607393
0.004567205,0.000307989,-0.077988596
0.007154022,0.017381691,-0.009376644
0.005414482,-0.015363525,0.03861423
0.006677898,0.026031017,0.089979462
0.007757613,-0.016458281,0.055486021
0.005020836,0.018154019,0.013868936
0.011439141,0.001174046,-0.022874077
0.001901659,-0.014561203,-0.088111671
0.01602418,0.056905399,-0.168346413
-0.004749084,-0.144282347,-0.205089425
0.062950538,0.869724588,-0.2557048
0.399934051,1.94771104,-0.334064898
0.750743913,1.718565763,-0.118105967
1.049862425,1.77661785,-0.170221056
1.362934752,1.850877581,0.019117938
1.643956792,1.868138741,0.515148608
1.920378798,1.907058833,0.284192528
2.180979981,1.809201851,0.538769116
2.437367277,1.864929455,0.710111532
2.685514248,1.888298006,0.466407877
2.921458193,1.958429906,0.836462504
3.150039082,1.999472026,0.738981042
3.358199113,2.017160591,0.707112102
3.555093369,2.069603925,0.918571889
3.742052749,2.105719641,0.613379927
3.919440906,2.153821441,0.662870515
4.082968973,2.166118705,0.637000435
4.231099856,2.180800439,0.460034089
4.365741801,2.195759612,0.602132066
4.485241495,2.195347204,0.464158304
4.592628137,2.207805682,0.478780524
4.689041428,2.21788719,0.607755997
4.773232945,2.206887137,0.527896183
4.844047995,2.191058158,0.694739455
4.901876474,2.185265696,0.79709499
4.947824341,2.168881841,0.66736966
4.981614168,2.154188859,0.669619232
5.003185972,2.130666592,0.535394757
5.013162087,2.096001803,0.218580006
5.011879926,2.072288328,0.0761071
5.000021807,2.035107849,-0.152974336
4.978603713,1.997140045,-0.409425567
4.947273236,1.954961927,-0.581142911
4.905959146,1.900381569,-0.753235185
4.855182555,1.858934538,-0.88446023
4.796368086,1.807525974,-1.060676719
4.730325526,1.751119772,-0.984191264
4.655532776,1.704536384,-0.827096138
4.572990823,1.644864658,-0.833469926
4.48363317,1.587978562,-0.690622092
4.386485074,1.52051232,-0.585642056
4.281688997,1.441442409,-0.613011851
4.170515855,1.386798315,-0.555272831
4.053977879,1.322601345,-0.47766259
3.930965363,1.242043016,-0.487410736
3.8001774,1.165035146,-0.558272261
3.664898123,1.10338386,-0.595390202
3.530908505,1.047517538,-0.742737181
3.392037677,0.952434939,-0.93919982
3.241023805,0.860839064,-0.951947396
3.086557095,0.799202775,-1.03443171
2.930234625,0.707374452,-1.14091146
2.763849812,0.60570082,-1.071549651
2.592512557,0.52702832,-1.090671015
2.41766248,0.427469217,-1.113916594
2.237496306,0.329263563,-0.903206665
2.052895054,0.233168689,-0.773481334
1.865178374,0.148182594,-0.626509284
1.67713928,0.041848748,-0.311194247
1.480998575,-0.066603377,-0.268077447
1.285622667,-0.156710832,-0.224210789
1.084552014,-0.293739101,-0.121480325
0.883949987,-0.383629105,-0.157848409
0.682013312,-0.556604376,-0.082112811
0.476020209,-0.618743054,-0.022874077
0.281589052,-0.809290666,0.061484881
0.066077212,-0.994094557,0.03861423
-0.044462347,-0.408561058,0.004870647
-0.024206446,-0.098366311,0.160091129
-0.026013469,-0.173053447,0.095228464
-0.027621794,-0.07876942,0.165715059
-0.025072468,-0.099895971,0.311187395
-0.028589039,-0.062393063,0.178087706
-0.025391134,-0.063517813,0.227203366
-0.028540302,-0.060181055,0.2002085
-0.027025702,-0.041000322,0.058110522
-0.028052931,-0.054107406,0.139844979
-0.028259126,-0.031649902,0.155966913
-0.028326608,-0.038139708,0.137970335
-0.029436315,-0.033966887,0.154467198
-0.029042669,-0.03354698,0.074232456
-0.029541288,-0.030079002,0.027741298
-0.029792471,-0.027604552,-0.025873506
-0.030602257,-0.030686366,-0.139851831
-0.030426054,-0.025879936,-0.134977758
-0.031295824,-0.028358134,-0.1747202
-0.033117843,-0.030543898,-0.240332723
-0.033605214,-0.029940282,-0.206964069
-0.034673682,-0.031897347,-0.295072313
-0.035457225,-0.027113411,-0.256829586
-0.035700911,-0.026037401,-0.155973765
-0.036968076,-0.027964472,-0.173970343
-0.036596924,-0.024998882,-0.048744157
-0.037736623,-0.027218388,-0.038996011
-0.037714129,-0.016402044,-0.089236457
-0.03808903,-0.03121125,-0.077613667
-0.039056275,-0.018636547,-0.133852972
-0.038074034,-0.031222497,-0.076113952
-0.040807063,-0.029644098,-0.049494015
-0.038047791,-0.011749329,-0.034121938
-0.041849287,-0.043733464,0.00112136
-0.039015036,0.003802212,-0.029997722
-0.040990764,-0.055955745,-0.022499148
-0.042119216,0.014487335,-0.048369229
-0.037223009,-0.066805832,-0.105358391
-0.049246084,-0.005728168,-0.124854683
-0.024052737,-0.015888408,-0.110607393
-0.180975049,-1.305189104,-0.287948668
-0.559010221,-1.886815971,-0.204339568
-0.881983683,-1.640956913,-0.053993159
-1.187910397,-1.831399549,-0.235833578
-1.492952345,-1.837398214,0.243700229
-1.769700514,-1.897602322,0.421041504
-2.043498213,-1.857621216,0.225328723
-2.300290402,-1.812537495,0.670744018
-2.556122844,-1.883156785,0.584510417
-2.798016467,-1.904099627,0.535769686
-3.032314596,-1.987368604,0.810592423
-3.254799595,-2.006238156,0.640749722
-3.457336111,-2.041517808,0.770100124
-3.650140197,-2.09396864,0.813591853
-3.834224086,-2.136079273,0.673743448
-4.008211891,-2.170605343,0.752478475
-4.166757524,-2.181616643,0.620128644
-4.310614536,-2.194731226,0.644873938
-4.439231822,-2.198382913,0.619378786
-4.554108986,-2.209184261,0.460409017
-4.658897565,-2.218620912,0.584885346
-4.752184181,-2.218812119,0.539518973
-4.83224054,-2.214226889,0.487778813
-4.898871695,-2.202773187,0.665495016
-4.952857439,-2.189879805,0.618628929
-4.995097535,-2.173285996,0.493402743
-5.024950901,-2.149741234,0.511024392
-5.042395045,-2.120591468,0.304813607
-5.047969823,-2.089987026,0.051736734
-5.042455029,-2.058404052,-0.045744728
-5.028171301,-2.023784253,-0.245206796
-5.004222625,-1.985778957,-0.455166868
-4.97004665,-1.942993475,-0.613386779
-4.927131732,-1.897943496,-0.670375942
-4.875054234,-1.849939175,-0.77760555
-4.814376508,-1.799805327,-0.901332021
-4.746219506,-1.74903787,-0.76598276
-4.670755683,-1.690802075,-0.78060498
-4.587062784,-1.630522984,-0.784729195
-4.495519458,-1.571173686,-0.617510995
-4.396650566,-1.5036812,-0.597264845
-4.291044704,-1.439491728,-0.570644908
-4.179564142,-1.372812811,-0.50953153
-4.060409357,-1.297083407,-0.43717029
-3.934510104,-1.225335617,-0.510281387
-3.801937612,-1.151079636,-0.589016414
-3.666377159,-1.092585148,-0.605138348
-3.532642475,-1.032493515,-0.824096709
-3.389973899,-0.929665139,-0.894208376
-3.234719897,-0.841166076,-0.868713224
-3.07880232,-0.77740026,-1.021309205
-2.919570618,-0.677721184,-1.057677289
-2.74968423,-0.580437825,-0.993189553
-2.575164066,-0.499647046,-1.042680141
-2.397757164,-0.411909064,-0.980816905
-2.216185111,-0.306594991,-0.752110398
-2.028086032,-0.206263559,-0.677874516
-1.839975707,-0.13752635,-0.53540161
-1.648809938,-0.010324646,-0.325816467
-1.450847214,0.082602183,-0.329190825
-1.253334371,0.199392453,-0.234708792
-1.048578441,0.322012676,-0.124104826
-0.849719703,0.424102466,-0.070490022
-0.641702134,0.593594763,0.012369221
-0.441801172,0.633080979,0.078356672
-0.237180206,0.919224826,0.146968624
-0.03831772,0.813562081,0.047612519
0.007056548,0.168859245,0.112475184
-0.015662453,0.11453008,0.241450657
-0.005375169,0.115849787,0.153342412
-0.010158906,0.047378768,0.292815889
-0.007092216,0.080832576,0.282317885
-0.007485862,0.025997274,0.116599399
-0.008025719,0.047198808,0.186711066
-0.00567509,0.027609416,0.095228464
-0.007133455,0.025731084,0.0761071
-0.00514648,0.019979863,0.202833001
-0.006143716,0.008065013,0.179212492
-0.005026511,0.014071177,0.183711637
-0.004610371,0.005226895,0.107226182
-0.004385431,0.010974366,0.020617652
-0.003826828,0.005365614,0.031115656
-0.003500664,0.010438235,-0.078738453
-0.002739615,0.002913659,-0.090736172
-0.002762109,0.002928656,-0.070115093
-0.001378724,0.012807708,-0.200215352
5.71e-05,0.006906521,-0.201715067
0.000559514,0.010610697,-0.215962357
0.001781691,0.0061042,-0.309319604
0.002396529,0.001597702,-0.217462072
0.00299637,0.008683626,-0.143976047
0.003663694,0.002696208,-0.148100263
0.00367869,0.006632832,-0.089236457
0.005009589,0.004229617,-0.124479755
0.004158563,-0.002773826,-0.127104255
0.005793132,0.003573512,-0.085862099
0.005470717,-0.009016187,-0.078738453
0.006029319,0.017981557,-0.012001145
0.007457692,-0.00931612,-0.015375503
0.005436976,0.010700677,-3.43e-06
0.009632118,0.005643052,-0.003002856
0.004724664,-0.016716974,-0.038621082
0.010970514,0.036903598,-0.017625075
0.005376992,-0.050549448,-0.067490592
0.009778329,0.081421195,-0.120730468
0.009418424,-0.119972755,-0.157098552
0.006205523,0.309299254,-0.203964639
0.252541723,1.71633501,-0.307819889
0.630393194,1.848245666,-0.137977188
0.933646864,1.690222068,-0.059992018
1.246809167,1.856152657,-0.11435668
1.539569358,1.825596954,0.385798206
1.815762673,1.912990014,0.325059757
2.083978096,1.826279303,0.298439819
2.339304422,1.834013832,0.72210925
2.592793733,1.872510268,0.484404454
2.831410722,1.90976948,0.687240881
3.064700367,1.982938204,0.864957085
3.280260944,1.976088478,0.675618091
3.480364353,2.035951411,0.926070463
3.671222703,2.080251557,0.782097842
3.852412356,2.114421455,0.677867663
4.021796377,2.146398092,0.787721773
4.174838463,2.157300667,0.616004428
4.314627799,2.173238372,0.652747441
4.439736012,2.174756784,0.547767405
4.551430267,2.177103762,0.411668286
4.652364863,2.181992674,0.514023822
4.742014939,2.183679799,0.449536085
4.818292296,2.171022615,0.486279098
4.880867022,2.157225684,0.624627788
4.93131745,2.14892503,0.52902097
4.969921006,2.122969554,0.451410729
4.996205315,2.094817066,0.432289365
5.010372824,2.069296493,0.190460353
5.013469506,2.039745567,-0.003752713
5.006027721,2.007787676,-0.10273389
4.988965977,1.969032547,-0.299571458
4.962303017,1.932579406,-0.496409025
4.925465245,1.879836139,-0.654254008
4.879000015,1.824554686,-0.733738892
4.823983294,1.789874901,-0.855965648
4.761101149,1.73292132,-0.879961085
4.689686257,1.668983043,-0.7573594
4.610274727,1.618159349,-0.801975916
4.523728832,1.565037416,-0.734113821
4.429459975,1.504244689,-0.599514418
4.328124235,1.437247093,-0.630258571
4.22120247,1.372161571,-0.576643767
4.106883908,1.29906783,-0.513655745
3.984126324,1.22831357,-0.460790799
3.855726481,1.149663565,-0.503157742
3.722227984,1.086460125,-0.583017555
3.58822337,1.04076529,-0.591640915
3.453037819,0.952584905,-0.792977627
3.30591167,0.857903467,-0.887459659
3.151287502,0.786972996,-0.881085871
2.995943523,0.711933438,-1.047929143
2.832767863,0.616790853,-1.038555925
2.662896471,0.527268267,-0.986440836
2.489163599,0.43720955,-1.058052218
2.309900937,0.347465764,-0.929451674
2.127429122,0.250051184,-0.747611254
1.939524992,0.154368718,-0.677499587
1.75189079,0.06876776,-0.493034667
1.55823193,-0.049124765,-0.358060335
1.361543869,-0.130976557,-0.332190254
1.163052534,-0.264060702,-0.205089425
0.958855207,-0.358153522,-0.138352117
0.759659058,-0.499755772,-0.059242161
0.549958184,-0.632787429,0.014243864
0.35472099,-0.701663358,0.041238731
0.142545769,-1.01053465,0.100852394
-0.025158695,-0.666248736,0.046112804
-0.032817922,-0.110442375,0.149593125
-0.019651399,-0.168295755,0.186336138
-0.028300365,-0.10709062,0.131596548
-0.02214824,-0.079672969,0.283067742
-0.027164415,-0.087696185,0.158966343
-0.024412642,-0.048588634,0.077606815
-0.025769784,-0.068020561,0.15409227
-0.026437107,-0.042301283,0.061484881
-0.025826019,-0.047497627,0.139844979
-0.027213152,-0.033835666,0.22307915
-0.026369625,-0.041116546,0.181836993
-0.027651787,-0.041296506,0.205457501
-0.027460587,-0.028028208,0.136845549
-0.028082923,-0.034510516,0.0356148
-0.028439079,-0.033558228,0.019117938
-0.028641525,-0.031226246,-0.065990877
-0.029080159,-0.024204058,-0.104233605
-0.029481303,-0.029775319,-0.126729327
-0.030887182,-0.031203751,-0.248581154
-0.031910662,-0.029794065,-0.258704229
-0.03267546,-0.033756933,-0.272201662
-0.033927629,-0.027608301,-0.269577162
-0.034220052,-0.023844139,-0.164597126
-0.035003595,-0.026611023,-0.148100263
-0.03528852,-0.017549289,-0.126354398
-0.03570466,-0.026873465,-0.119230753
-0.036540689,-0.028035706,-0.133103115
-0.036098306,-0.026641016,-0.101609104
-0.03813027,-0.025561257,-0.12298004
-0.036503199,-0.019033959,-0.080238168
-0.0385839,-0.032167287,-0.031122508
-0.037800357,-0.006627968,-0.042745298
-0.038250238,-0.042053838,-0.019874647
-0.040012273,-0.004918349,-0.043495155
-0.036431968,-0.03700746,-0.055867803
-0.043161441,-0.024593972,-0.075364095
-0.033766422,0.001189043,-0.124104826
-0.046880459,-0.092180187,-0.190842134
-0.029136395,0.12788086,-0.221586288
-0.081727507,-0.755381408,-0.323566894
-0.408262529,-1.858667233,-0.37680677
-0.766682881,-1.688511334,-0.095610245
-1.06509283,-1.746405956,-0.188592562
-1.379533546,-1.847839642,-3.43e-06
-1.662085182,-1.852098694,0.481405025
-1.938514686,-1.887682029,0.245199944
-2.200881652,-1.790642365,0.521147467
-2.456676605,-1.848998134,0.741980471
-2.705464657,-1.873052783,0.53764433
-2.942075925,-1.939604229,0.863082441
-3.171357879,-1.985107856,0.818840855
-3.37948042,-1.996722773,0.757352548
-3.576325939,-2.054808602,0.914447673
-3.764586225,-2.095299594,0.763726336
-3.942911635,-2.132836244,0.798969634
-4.107556907,-2.147724183,0.717610106
-4.256992446,-2.158304329,0.622003287
-4.3917881,-2.163823101,0.637750293
-4.511707683,-2.167358565,0.424040934
-4.620537695,-2.177717511,0.433039222
-4.71867178,-2.182565182,0.473156593
-4.804846524,-2.175752948,0.405669427
-4.877326134,-2.164531694,0.525646611
-4.936549245,-2.150892228,0.575512128
-4.983741783,-2.134099713,0.449536085
-5.018885003,-2.11168345,0.411293358
-5.041559016,-2.081352697,0.341931548
-5.051711335,-2.052360396,0.086980032
-5.051066505,-2.020050084,-0.049119086
-5.040835457,-1.984260545,-0.144350976
-5.020946959,-1.94831729,-0.367808481
-4.991693434,-1.909828352,-0.58451727
-4.95308238,-1.863886072,-0.687622662
-4.904712653,-1.813088622,-0.753610113
-4.847855167,-1.768034894,-0.896832877
-4.783094768,-1.718294709,-0.828970782
-4.710510185,-1.661686051,-0.733738892
-4.630026439,-1.605302344,-0.815473349
-4.541531058,-1.544224681,-0.708618669
-4.44590506,-1.479814009,-0.608137778
-4.342552352,-1.414863457,-0.601014132
-4.233362436,-1.35204993,-0.510656316
-4.117851689,-1.283856349,-0.407175994
-3.99447177,-1.210166492,-0.424047786
-3.864227413,-1.131452752,-0.502032956
-3.729405516,-1.070899971,-0.504282528
-3.596596836,-1.026367378,-0.63625743
-3.458299606,-0.926399616,-0.772356548
-3.305868609,-0.830166023,-0.758484186
-3.149951032,-0.777921394,-0.858590149
-2.992721302,-0.682437635,-1.004062485
-2.825275519,-0.58221118,-0.97369326
-2.651467666,-0.501649101,-0.969569044
-2.474971773,-0.407586275,-1.009311487
-2.294093288,-0.322090294,-0.802350844
-2.107666268,-0.216416301,-0.653129222
-1.918648682,-0.139400933,-0.57289448
-1.729863534,-0.036103911,-0.347562331
-1.532230723,0.075639981,-0.319817607
-1.33498406,0.15364138,-0.283824452
-1.131963921,0.29614343,-0.145850691
-0.929603608,0.38007601,-0.060366947
-0.725859911,0.55458469,0.032240442
-0.51701756,0.618522967,0.063359524
-0.321079301,0.790081054,0.145843838
-0.103610478,0.988022022,0.092229034
0.009613373,0.391732167,0.029241012
-0.010725006,0.067826719,0.191960068
-0.008606816,0.158440312,0.154842127
-0.006537362,0.054224745,0.158216485
-0.008989215,0.073476713,0.257197662
-0.005161476,0.037443478,0.079856387
-0.008505592,0.039130603,0.058110522
-0.00518397,0.041560062,0.097852965
-0.006634837,0.020118582,0.028491155
-0.005457647,0.023665293,0.13947005
-0.005090244,0.002966148,0.188210781
-0.004760332,0.020264799,0.175463205
-0.003699362,0.005931738,0.15109284
-0.004164239,0.010914379,0.046112804
-0.003298218,0.01037075,0.027366369
-0.00302454,0.000926601,-0.043495155
-0.002319726,0.011139329,-0.113981751
-0.002364714,0.004994446,-0.063366376
-0.001363728,0.006490364,-0.177344701
0.000409553,0.008083759,-0.258329301
0.000975654,0.008162492,-0.199840423
0.001890412,0.00668532,-0.284199381
0.002805171,0.003757222,-0.214837571
0.003405012,0.009827121,-0.064866091
0.004154814,0.003479783,-0.071239879
0.004012352,0.005193152,-0.032997152
0.005328254,0.009883359,-0.032997152
0.005028334,-0.001356641,-0.061116804
0.006018072,0.009800877,-0.063366376
0.006389224,-0.00864127,-0.040120797
0.006096801,0.012826454,0.013119078
0.008432435,-0.001904019,0.008245005
0.005613179,-0.005975613,0.006370362
0.009920792,0.019961117,-0.035621653
0.006051813,-0.023188034,-0.092985744
0.009999521,0.040952697,-0.098984603
0.008736104,-0.046920255,-0.120355539
0.006910337,0.060264652,-0.172845557
0.015484322,-0.061309554,-0.241832438
-0.005232707,0.089253203,-0.245956653
0.183406229,1.492221114,-0.363684265
0.56337964,1.913717352,-0.258329301
0.877445455,1.659700108,-0.072739594
1.186521337,1.829593565,-0.171345842
1.487608079,1.810896474,0.266945808
1.764442476,1.896789867,0.376424989
2.036751817,1.836593258,0.232077439
2.293551504,1.793027949,0.642999294
2.550246219,1.846764746,0.519647752
2.791896156,1.874081169,0.58938449
3.027558925,1.961268024,0.865332013
3.249530309,1.964769745,0.697363956
3.453026572,1.986139992,0.856708653
3.646831644,2.038887008,0.854459081
3.830990513,2.090243084,0.720984464
4.005341972,2.118759241,0.80871778
4.163231528,2.120780041,0.673368519
4.306691145,2.128840748,0.699988457
4.436571847,2.142052809,0.663245444
4.55194763,2.135757959,0.449911014
4.65612512,2.1375988,0.52902097
4.749944095,2.153184083,0.475406165
4.831125158,2.132050034,0.431539508
4.898641079,2.12640379,0.556765693
4.954085188,2.107815425,0.482529811
4.997442488,2.076869809,0.390297351
5.027652011,2.068377948,0.343806192
5.045845956,2.021802059,0.132346405
5.052714143,1.989821673,-0.071989737
5.048777682,1.961811653,-0.160847839
5.035401214,1.91925487,-0.290573169
5.012625979,1.897397232,-0.462290513
4.979623444,1.844822678,-0.616761138
4.93638986,1.80106991,-0.663627225
4.884507311,1.757575836,-0.7978517
4.824725598,1.6981703,-0.891583875
4.756564847,1.655583524,-0.706369097
4.680651143,1.591172852,-0.723240889
4.596778292,1.53449296,-0.720991316
4.50480008,1.480238779,-0.556772546
4.405676256,1.414283451,-0.595765131
4.300696478,1.357254887,-0.589016414
4.189335885,1.290834662,-0.527153178
4.068898938,1.21203844,-0.491160023
3.942287373,1.130291625,-0.519279676
3.810738361,1.071838378,-0.561646619
3.676257623,1.024565143,-0.569520122
3.542294249,0.953218514,-0.749485898
3.399505705,0.85717238,-0.835719499
3.245826287,0.776149153,-0.820722351
3.090058671,0.716754866,-0.947073322
2.930212131,0.620978671,-0.980816905
2.761319231,0.527189534,-0.921578171
2.587668836,0.445956355,-0.9650699
2.409628352,0.345516197,-0.91895367
2.227936331,0.265910156,-0.724365675
2.041100669,0.172390959,-0.650504721
1.851468245,0.092653697,-0.478787376
1.660583652,-0.013968835,-0.292822741
1.462197289,-0.112077011,-0.323566894
1.264879395,-0.213424466,-0.205839283
1.059962257,-0.340839873,-0.124479755
0.858842867,-0.427265648,-0.080238168
0.652268667,-0.605396023,0.023242153
0.446620472,-0.641822919,0.064109382
0.24649457,-0.887498269,0.14809341
0.034716744,-0.944058187,0.085855246
-0.043401378,-0.286690668,0.16271563
-0.018485457,-0.112643135,0.273694525
-0.026024716,-0.164430365,0.152967483
-0.023756565,-0.06901784,0.255697947
-0.023809051,-0.10174056,0.190085425
-0.025589831,-0.051546726,-0.017250146
-0.02335917,-0.063334104,0.054736164
-0.026335884,-0.051790422,-0.038621082
-0.024633834,-0.041562697,-0.065615949
-0.026343382,-0.049645899,0.086605104
-0.025878505,-0.031739882,0.049862091
-0.026437107,-0.038270929,0.099727608
-0.027018204,-0.032032317,0.091104248
-0.026740777,-0.034053118,-0.033747009
-0.027520571,-0.027379602,-0.005252428
-0.027861731,-0.027409595,-0.085112241
-0.02839784,-0.029066727,-0.100859247
-0.028641525,-0.029074225,-0.064866091
-0.029874949,-0.035897707,-0.20358971
-0.031014649,-0.029434145,-0.203964639
-0.031640733,-0.02541129,-0.204339568
-0.032881656,-0.027559562,-0.252330441
-0.03354523,-0.025343805,-0.158223338
-0.034392507,-0.029295426,-0.121105396
-0.034662435,-0.024222804,-0.108732749
-0.0346062,-0.026862217,-0.069365236
-0.036060816,-0.020623605,-0.097859817
-0.035382245,-0.019461363,-0.085862099
-0.037009316,-0.02855684,-0.070115093
-0.036177035,-0.011175707,-0.046869514
-0.037474193,-0.037352384,0.010494577
-0.03793907,-0.012131744,0.019492866
-0.036649411,-0.035815226,0.052861521
-0.040218468,-0.017200616,0.031115656
-0.035464723,-0.017695506,-0.022499148
-0.04240789,-0.045701776,-0.033747009
-0.034707423,0.028482971,-0.079113382
-0.043093959,-0.105047325,-0.178844416
-0.035805883,0.119670187,-0.20958857
-0.049744703,-0.473462871,-0.29319767
-0.330744249,-1.760615295,-0.423672857
-0.7050754,-1.744062727,-0.166471769
-1.005629782,-1.689804796,-0.20658914
-1.321097727,-1.843659322,-0.167596555
-1.61040133,-1.822847701,0.386922992
-1.887531899,-1.882691889,0.239950942
-2.155132483,-1.778750011,0.363302484
-2.412063386,-1.813081124,0.71348589
-2.664795397,-1.843119442,0.491903028
-2.903119963,-1.889736572,0.722859107
-3.136525827,-1.95645673,0.818465926
-3.350860478,-1.962871553,0.728857967
-3.551042616,-2.013852712,0.884453377
-3.742350847,-2.05315147,0.777973626
-3.92414784,-2.092423984,0.790346273
-4.094041726,-2.109111522,0.73073261
-4.248051057,-2.117678366,0.610380497
-4.387517978,-2.120595217,0.649748011
-4.511906381,-2.120280287,0.424415862
-4.624290454,-2.131400314,0.375675131
-4.726495964,-2.134898286,0.436413581
-4.817251998,-2.132892482,0.357678554
-4.894541588,-2.118304477,0.44241244
-4.958765879,-2.101144544,0.50577539
-5.010794639,-2.088059955,0.420291647
-5.050425424,-2.069681543,0.369301343
-5.07781944,-2.038878395,0.330683687
-5.092661771,-2.006170671,0.116974328
-5.096170844,-1.973166763,-0.075739024
-5.089760037,-1.938138305,-0.159348124
-5.073927968,-1.909052275,-0.314193677
-5.048385963,-1.869955972,-0.542150326
-5.012789113,-1.823811237,-0.651629507
-4.967815989,-1.776841685,-0.671875657
-4.91434011,-1.732054148,-0.828220925
-4.853141271,-1.683843622,-0.787353696
-4.784271957,-1.632075138,-0.660627796
-4.707469738,-1.578848229,-0.756234614
-4.622937061,-1.517594355,-0.670001013
-4.531191288,-1.460528299,-0.548524114
-4.431085223,-1.393883124,-0.572144622
-4.323781059,-1.328812599,-0.520404462
-4.211074571,-1.267120072,-0.409800495
-4.090802582,-1.190817046,-0.378681413
-3.962815129,-1.119260464,-0.466414729
-3.828623065,-1.060061133,-0.471663731
-3.694933369,-1.007587805,-0.508031815
-3.559669088,-0.930654919,-0.688747448
-3.410630944,-0.830585929,-0.72848989
-3.254345964,-0.757968333,-0.788478482
-3.097836044,-0.68911115,-0.989440266
-2.932463464,-0.588048632,-1.001437984
-2.758895548,-0.505424511,-0.95344711
-2.583261927,-0.417986462,-1.001437984
-2.402469669,-0.329622368,-0.850341718
-2.217009893,-0.243522771,-0.641131503
-2.027171274,-0.143337557,-0.579268268
-1.83761383,-0.072474571,-0.391428989
-1.642279162,0.046493965,-0.261703659
-1.44203704,0.128439486,-0.244456939
-1.24227854,0.245285994,-0.110232464
-1.03559187,0.355192795,-0.013125931
-0.833943869,0.466846708,0.051361806
-0.621618688,0.621694762,0.090729319
-0.422388798,0.665121351,0.186711066
-0.212500474,0.973066599,0.2002085
-0.022699344,0.748851476,0.101227323
0.005092067,0.11417016,0.257947519
-0.014526503,0.129268052,0.249699088
-0.003766844,0.101640448,0.148468339
-0.009645292,0.046801396,0.286817029
-0.00537142,0.069168921,0.103476895
-0.006784797,0.021681984,-0.041245583
-0.006413645,0.049298341,0.052111663
-0.004872802,0.021861944,-0.070115093
-0.006162461,0.024520103,-0.025123649
-0.004108004,0.022859222,0.104226752
-0.004914041,0.016766828,0.079481458
-0.003601887,0.019931124,0.103476895
-0.003500664,0.010198289,0.039364087
-0.003181998,0.008897328,-0.000753284
-0.002552165,0.007078983,-0.033747009
-0.002199758,0.008248722,-0.139476903
-0.001641155,0.001698929,-0.08248774
-0.001506191,0.003820957,-0.130853542
-0.000291512,0.010367001,-0.274826163
0.001046885,0.006689069,-0.236583436
0.001676719,0.005946735,-0.262453516
0.002902645,0.011866668,-0.246331582
0.003573718,0.000101785,-0.095235316
0.003787411,0.000154273,-0.083612526
0.004717166,0.004274606,-0.041245583
0.004604695,0.003318569,0.013868936
0.006104299,0.005136915,-0.051368658
0.005751893,-0.003066261,-0.047619371
0.0066704,0.010816901,-0.008626786
0.006996564,-0.009147408,0.033740157
0.006655404,0.007427655,0.062234738
0.009066017,-0.005323258,0.052486592
0.006273005,-0.00172031,0.073857528
0.010528131,0.017216728,0.016493437
0.006505444,-0.025133852,-0.03937094
0.010610609,0.044173231,-0.029997722
0.008882316,-0.045008181,-0.127104255
0.007708876,0.063466439,-0.209213641
0.015319366,-0.066513397,-0.257954372
-0.003429433,0.114601314,-0.335939541
0.191856498,1.510423315,-0.43154636
0.570476516,1.878801369,-0.260578873
0.881820549,1.644021096,-0.092235886
1.190082897,1.820228149,-0.167971484
1.48817418,1.775575582,0.273319596
1.762706684,1.861071563,0.352804481
2.032714133,1.795161225,0.176587992
2.288137934,1.757444615,0.611505284
2.542980637,1.81851478,0.512524107
2.784810527,1.830905773,0.496777101
3.01947231,1.900130374,0.789971345
3.235186597,1.886742103,0.63850015
3.435983572,1.94115,0.741605542
3.630699654,1.99963324,0.776098983
3.814239936,2.009827222,0.658371371
3.98615079,2.039659336,0.749479045
4.139833957,2.030627595,0.62687736
4.278176175,2.032325968,0.607006139
4.40323565,2.048837295,0.536894472
4.516826904,2.06158071,0.305938393
4.620918167,2.055983205,0.39629621
4.711539237,2.041263979,0.368176557
4.787715371,2.039951771,0.275569168
4.851815944,2.017318056,0.431164579
4.904609503,2.002381379,0.379424418
4.944900113,1.983436843,0.233952083
4.972432843,1.950357951,0.25194866
4.987830027,1.924057552,0.079856387
4.991260371,1.8818082,-0.131228471
4.984830819,1.83496612,-0.15747348
4.969932253,1.810007922,-0.261703659
4.944214044,1.782564027,-0.464540086
4.90757497,1.732448925,-0.604388491
4.862148215,1.688793636,-0.608887635
4.808297436,1.642300229,-0.696246022
4.746375038,1.590231811,-0.731114391
4.676647201,1.538309611,-0.56427112
4.598825251,1.479383969,-0.580393054
4.513325329,1.426209548,-0.585642056
4.419840016,1.359628109,-0.476537804
4.319516508,1.301710992,-0.52677825
4.213483258,1.248930234,-0.563146334
4.098433639,1.170332717,-0.481786806
3.976347129,1.103417603,-0.448043223
3.848985761,1.037109853,-0.509906458
3.716518242,0.979470175,-0.513655745
3.585306641,0.927727935,-0.532777109
3.449108856,0.841815796,-0.699245452
3.299654573,0.752094504,-0.780230051
3.145240349,0.689078522,-0.785479053
2.989948856,0.616554655,-0.92757703
2.825588509,0.510412016,-0.99393941
2.653445217,0.42803909,-0.906955952
2.478119015,0.354592928,-0.971443688
2.298237766,0.269678068,-0.922328028
2.113557785,0.171067504,-0.659877938
1.92434525,0.092526225,-0.601014132
1.735935004,0.004417075,-0.442419292
1.539880526,-0.113141774,-0.233958935
1.342348938,-0.187870151,-0.204714496
1.141090834,-0.315952909,-0.083237598
0.937354634,-0.398037149,0.011619364
0.735976562,-0.555727071,0.097478036
0.525630858,-0.644908483,0.134221048
0.330881036,-0.75640868,0.155591984
0.112887351,-1.030663922,0.202083143
-0.032326802,-0.545773036,0.145093981
-0.023419154,-0.090125644,0.216705362
-0.01760444,-0.175797836,0.222329293
-0.023449146,-0.087876145,0.160466057
-0.018447967,-0.086815131,0.173588562
-0.02320921,-0.076954824,0.059985166
-0.019726379,-0.058343964,-0.020249576
-0.022534388,-0.062921696,-0.045369799
-0.021889558,-0.033869408,-0.060366947
-0.022238216,-0.050973104,-0.027373221
-0.023141728,-0.03462674,0.038989159
-0.022391926,-0.035245352,0.086980032
-0.023816549,-0.033599468,0.079856387
-0.023385413,-0.029745326,0.042738446
-0.023977757,-0.032519709,-0.016500289
-0.024386399,-0.030022764,-0.017625075
-0.025042476,-0.028065699,-0.09710996
-0.025072468,-0.024470249,-0.136852402
-0.025372388,-0.024882657,-0.117356109
-0.027044447,-0.028226914,-0.256079728
-0.027951707,-0.029407901,-0.276700807
-0.02847282,-0.02680223,-0.275950949
-0.029691248,-0.027878241,-0.308569746
-0.03029109,-0.025677481,-0.187092848
-0.030962162,-0.027833251,-0.116231323
-0.031314569,-0.02222075,-0.078738453
-0.031505769,-0.026101136,-0.048744157
-0.032630472,-0.019821283,-0.055867803
-0.03195565,-0.017388075,-0.01912479
-0.033822657,-0.029115466,-0.003002856
-0.032844165,-0.017313091,0.029241012
-0.034017606,-0.035935199,0.062984595
-0.03422755,-0.005938122,0.048362376
-0.033312792,-0.036752517,0.046487733
-0.036893096,-0.015603472,0.006370362
-0.031978144,-0.015194813,-0.032622223
-0.039041279,-0.043249822,-0.07386438
-0.031149613,0.025292431,-0.138352117
-0.039708603,-0.106726951,-0.22383586
-0.032041877,0.121638499,-0.273326449
-0.04770899,-0.490007941,-0.355435834
-0.329743263,-1.767315054,-0.434170861
-0.701270154,-1.731195589,-0.156723623
-1.000174973,-1.673720874,-0.178094559
-1.313760914,-1.81813125,-0.10273389
-1.600796367,-1.794425274,0.412793073
-1.875954956,-1.848848167,0.264321307
-2.140800018,-1.736988051,0.39629621
-2.3959164,-1.767641232,0.689865382
-2.648329745,-1.803172078,0.458159445
-2.886785526,-1.846148768,0.671118947
-3.116843525,-1.887554557,0.741980471
-3.326443176,-1.896428833,0.627252289
-3.526359134,-1.962879051,0.790721202
-3.71859712,-1.990630378,0.683866523
-3.898658321,-2.019296501,0.64149958
-4.065560497,-2.031590016,0.637750293
-4.215970778,-2.03283474,0.50877482
-4.352104829,-2.031871204,0.488903599
-4.473868925,-2.03319466,0.343431263
-4.58446472,-2.04757646,0.301439249
-4.684908196,-2.043654833,0.356553768
-4.772128914,-2.03220488,0.293190817
-4.845350828,-2.016968269,0.350929837
-4.906054798,-2.005323359,0.409793643
-4.955669196,-1.988943253,0.277443812
-4.992836882,-1.957465256,0.233202225
-5.016688083,-1.92948523,0.221954364
-5.028606186,-1.899263203,0.002246146
-5.030045806,-1.867282817,-0.106858106
-5.021640525,-1.832745499,-0.140976617
-5.002925467,-1.791947075,-0.323566894
-4.974110577,-1.751576055,-0.49790874
-4.935559507,-1.707748305,-0.594265416
-4.888228256,-1.663474404,-0.604388491
-4.833230279,-1.617333418,-0.686872805
-4.769864512,-1.568598009,-0.680499017
-4.698198437,-1.514531286,-0.539900754
-4.618494484,-1.461836758,-0.607762849
-4.53103383,-1.406472823,-0.536901325
-4.435426577,-1.338826621,-0.40267685
-4.332130104,-1.286893174,-0.464165157
-4.223603763,-1.225226892,-0.433795932
-4.107725613,-1.152560556,-0.359185121
-3.983727107,-1.087842453,-0.361059764
-3.853201575,-1.015858465,-0.453292225
-3.720917757,-0.969143857,-0.464915014
-3.589087569,-0.90750007,-0.523403891
-3.446756405,-0.809151947,-0.721366245
-3.294306662,-0.736549348,-0.72848989
-3.140608499,-0.673248429,-0.768232333
-2.980019656,-0.574401667,-0.948947966
-2.809672139,-0.487728448,-0.951947396
-2.636441634,-0.412047783,-0.892708661
-2.458299926,-0.31734385,-0.924952529
-2.275561932,-0.248070509,-0.778355407
-2.08830638,-0.151563227,-0.591640915
-1.898936387,-0.067476932,-0.51515546
-1.707373223,0.035272711,-0.28719881
-1.507194834,0.131641274,-0.201340138
-1.309637003,0.213110651,-0.166846698
-1.104183757,0.342745564,-0.010876359
-0.901276089,0.431608296,0.067108811
-0.694192023,0.606660606,0.140969765
-0.487494106,0.640665542,0.115099685
-0.28798679,0.862998584,0.154467198
-0.072759875,0.94937187,0.152217626
0.012545099,0.289814838,0.087354961
-0.012385818,0.084356792,0.196084284
-0.005240205,0.14492082,0.170214204
-0.006833534,0.043790816,0.153342412
-0.006792295,0.082808387,0.146968624
-0.004385431,0.036869856,0.002996003
-0.006871024,0.047330029,-0.011626216
-0.003511911,0.029461504,-0.032247294
-0.005423906,0.013909963,-0.024373792
-0.003579393,0.027301984,0.062984595
-0.003946796,0.0058755,0.080606244
-0.003376947,0.017951564,0.13084669
-0.002413451,0.005575567,0.093728749
-0.002874579,0.007033993,0.008245005
-0.001821108,0.014262385,0.046487733
-0.001498693,0.008931071,0.008994863
-0.000913847,0.005373112,-0.089611386
-0.000823871,-0.001300403,-0.081737883
3.47e-05,0.003074873,-0.14885012
0.001661723,0.009362225,-0.262078588
0.002032875,0.005868002,-0.243707081
0.003277546,0.007975033,-0.277450664
0.004480978,0.009092285,-0.234708792
0.004503472,0.00843993,-0.071239879
0.005714402,0.002130084,-0.058117375
0.005613179,-0.000805513,-0.018000004
0.006535436,0.004672018,0.003745861
0.006516691,-0.002605113,-0.048369229
0.00731523,0.007907548,-0.007127072
0.008158757,-0.014722418,-0.011626216
0.007154022,0.006231671,0.043488303
0.009819568,0.002381278,0.072732742
0.007026556,-0.011666847,0.010119649
0.010966765,0.021824453,0.005620504
0.008117518,-0.024923898,-0.035246724
0.010276948,0.042392377,-0.060741876
0.01110173,-0.042616213,-0.107233034
0.006704141,0.043209695,-0.180344131
0.018652236,-0.02689221,-0.242207366
-0.005877536,0.011750444,-0.260578873
0.15257812,1.353929377,-0.371182839
0.527677818,1.912956271,-0.296197099
0.848709293,1.631858801,-0.084737312
1.154688493,1.782770231,-0.204339568
1.458440781,1.774510818,0.164215344
1.734664089,1.843289269,0.346430693
2.007865695,1.789687442,0.146218767
2.265145255,1.729400853,0.536144615
2.522241114,1.790343546,0.479530381
2.766871514,1.799810191,0.432289365
3.004176349,1.857806039,0.713110961
3.2253267,1.868011269,0.581885916
3.428706744,1.910436832,0.67299359
3.626343304,1.951988838,0.736731469
3.812912787,1.980864915,0.639250007
3.988580148,2.008293813,0.705237459
4.147714376,2.003041232,0.614129784
4.29046168,2.007000351,0.615629499
4.41955884,2.012526622,0.546642618
4.536696657,2.016946889,0.320935541
4.644222013,2.019616295,0.37904949
4.739495604,2.010622046,0.34418112
4.820215538,1.985435148,0.260946949
4.887723962,1.976587117,0.380924133
4.944022845,1.96591699,0.325434685
4.988733538,1.931987038,0.19420964
5.020836311,1.915112042,0.16833956
5.040057485,1.878883851,0.022117367
5.047379301,1.841039769,-0.134977758
5.044814979,1.824303492,-0.174345272
5.032870633,1.78407869,-0.245581725
5.01061276,1.739703561,-0.404551494
4.977422775,1.69695932,-0.545149756
4.934436626,1.653386512,-0.543650041
4.883472584,1.605412184,-0.607762849
4.824313206,1.554393533,-0.686122947
4.757074712,1.510745743,-0.545149756
4.681655878,1.456945211,-0.513655745
4.597895496,1.403223411,-0.523403891
4.506652091,1.337346815,-0.435295647
4.407535765,1.272879906,-0.472413588
4.302529744,1.226229033,-0.49790874
4.18992073,1.156104633,-0.479162305
4.068913934,1.09007807,-0.425547501
3.942707262,1.021745771,-0.44879308
3.81017226,0.960664358,-0.53540161
3.678293336,0.923378902,-0.518904747
3.544734854,0.840616063,-0.648255149
3.397008864,0.747554264,-0.76035883
3.242440931,0.680129263,-0.732239177
3.088202911,0.615651106,-0.833844855
2.926043232,0.520039875,-0.894583304
2.75408739,0.425995795,-0.840593572
2.579278552,0.364194543,-0.893458518
2.399813443,0.27016171,-0.885585016
2.215350904,0.176841219,-0.680499017
2.0258347,0.100976845,-0.584142341
1.836026073,0.022338088,-0.448043223
1.64176737,-0.088779694,-0.269577162
1.440955399,-0.168944361,-0.259829015
1.24160929,-0.278787427,-0.132728186
1.034547719,-0.384251466,-0.031122508
0.833008439,-0.484939068,0.02136751
0.622257842,-0.647285454,0.091104248
0.420182454,-0.671276368,0.125972617
0.213398309,-0.966650662,0.203207929
0.010479394,-0.863226168,0.125597688
-0.036739387,-0.194956075,0.182586851
-0.013413047,-0.137185176,0.259447234
-0.023644095,-0.143180092,0.132346405
-0.018402979,-0.071661002,0.202458072
-0.021435928,-0.100567072,0.10197718
-0.021091019,-0.048191223,-0.07386438
-0.020307476,-0.071518533,-0.008251858
-0.022620615,-0.043024872,-0.076113952
-0.020824839,-0.041870129,-0.064491163
-0.022819313,-0.040546673,0.048737305
-0.021852068,-0.029959028,0.070483169
-0.022826811,-0.037221163,0.101227323
-0.023100488,-0.023855386,0.038989159
-0.02301801,-0.034859188,-0.019874647
-0.024086478,-0.028391877,-0.007127072
-0.024397646,-0.025801203,-0.079863239
-0.024573849,-0.029565366,-0.114731608
-0.024974993,-0.028133184,-0.084362384
-0.026223414,-0.034540509,-0.189717348
-0.027333121,-0.026910956,-0.253830156
-0.02794046,-0.022989329,-0.248956083
-0.029140144,-0.028298148,-0.297696814
-0.02998742,-0.021354692,-0.187092848
-0.030384815,-0.024035346,-0.100859247
-0.030793457,-0.018535319,-0.106108248
-0.031074633,-0.021440923,-0.032622223
-0.03244677,-0.023191784,-0.026998293
-0.031595745,-0.015307288,-0.007127072
-0.033275302,-0.031364965,0.02699144
-0.032926644,-0.013174012,0.065234168
-0.033488995,-0.02990654,0.104601681
-0.034474985,-0.012971557,0.052861521
-0.032503006,-0.027986967,0.05886038
-0.036623168,-0.022258241,0.023617082
-0.031779447,-0.005379496,-0.032997152
-0.038104026,-0.047636346,-0.063366376
-0.032135603,0.027238248,-0.140601689
-0.03733173,-0.099142388,-0.235833578
-0.035528457,0.102221568,-0.288698525
-0.035127313,-0.348956817,-0.309694532
-0.287983041,-1.677387559,-0.445043793
-0.66599197,-1.767078857,-0.236208507
-0.968994456,-1.641376819,-0.174345272
-1.282280477,-1.805669022,-0.194591421
-1.574335854,-1.776114347,0.355428981
-1.85037546,-1.838283018,0.244075158
-2.118665863,-1.732616523,0.248574302
-2.374910697,-1.73910258,0.658371371
-2.629655926,-1.781471905,0.421041504
-2.870803496,-1.813527274,0.560889909
-3.104419305,-1.863109995,0.717610106
-3.318461533,-1.866360522,0.599132636
-3.520105785,-1.922035637,0.717985034
-3.714536942,-1.955440706,0.629126932
-3.89790477,-1.984309284,0.609255711
-4.068447235,-1.995807976,0.576636914
-4.22300767,-1.997821278,0.466032948
-4.363179405,-2.001622933,0.482904739
-4.488478817,-1.997615074,0.308562894
-4.602220032,-2.004659757,0.265821022
-4.70576019,-2.004607269,0.325809614
-4.796853635,-1.994177089,0.266945808
-4.873907037,-1.977766989,0.385423277
-4.938015108,-1.9633327,0.487028955
-4.990857404,-1.945749112,0.356178839
-5.031590398,-1.921536998,0.288691673
-5.059310578,-1.889267926,0.243700229
-5.074636531,-1.853635852,0.024741868
-5.079697694,-1.830346033,-0.134602829
-5.074711511,-1.796955961,-0.198340709
-5.059048147,-1.758290812,-0.31044439
-5.033723585,-1.720341753,-0.490785095
-4.998497887,-1.673229734,-0.57851841
-4.953543508,-1.635018234,-0.598389631
-4.900689965,-1.590298182,-0.742362252
-4.83985478,-1.537779864,-0.677499587
-4.770824258,-1.488658291,-0.524528678
-4.693613397,-1.433654277,-0.602138918
-4.608334667,-1.379220136,-0.500908169
-4.515512928,-1.318641112,-0.372307625
-4.414338395,-1.259378045,-0.435670576
-4.30734165,-1.204269054,-0.43454579
-4.193934098,-1.134976968,-0.322442108
-4.072199994,-1.066809631,-0.28719881
-3.94334652,-1.000321922,-0.374932126
-3.81039163,-0.948999588,-0.341188543
-3.67868141,-0.897043646,-0.419173713
-3.539649374,-0.80720613,-0.651629507
-3.388564271,-0.729917073,-0.730739463
-3.233872621,-0.667216021,-0.79485227
-3.074730895,-0.578968151,-0.915204383
-2.906674024,-0.489171877,-0.919703527
-2.733383535,-0.418702552,-0.862339436
-2.556145338,-0.330788359,-0.897207805
-2.373433587,-0.247654352,-0.764483046
-2.187658894,-0.163358104,-0.554522974
-1.996995493,-0.081551302,-0.518904747
-1.805574791,0.003018636,-0.307070032
-1.606648571,0.118706651,-0.126729327
-1.406087783,0.189007263,-0.156348694
-1.203251346,0.315575358,-0.105358391
-0.995582435,0.395170152,-0.038996011
-0.792221137,0.533859301,0.034864943
-0.579003691,0.64076302,0.05886038
-0.38148335,0.718280776,0.155217056
-0.162852334,1.024640127,0.184461494
-0.000887604,0.60237156,0.074982314
-0.001060059,0.075801195,0.224203936
-0.011141147,0.157525516,0.189335567
-0.003035787,0.069753791,0.097103107
-0.008663051,0.066979408,0.224578865
-0.003196994,0.065513484,0.098227893
-0.006533613,0.021839449,0.021742438
-0.004276709,0.053137487,0.037489444
-0.004171737,0.022315593,-0.040495726
-0.004482905,0.03114113,0.010869506
-0.002889576,0.018423959,0.070858098
-0.003643127,0.017317955,0.083980603
-0.002061044,0.017479169,0.085855246
-0.002578408,0.003318569,-0.025123649
-0.002061044,0.011364279,-0.066365806
-0.001075055,0.009178516,-0.063741305
-0.000872608,-7.44e-05,-0.185218204
-0.000670162,0.003206094,-0.159348124
7.96e-05,0.006936514,-0.167221626
0.001286822,0.008199983,-0.266952661
0.002242819,0.008346201,-0.19796578
0.003311287,0.007375167,-0.239207937
0.004432241,0.009755887,-0.239582866
0.004657182,0.005316875,-0.067490592
0.005463219,0.002441264,-0.022874077
0.005815626,-0.010932011,0.04723759
0.006074307,0.002767442,0.106101396
0.007288987,0.000195514,0.032615371
0.006711639,-0.005941871,0.01274415
0.008529909,0.007746334,0.003370932
0.007356469,-0.007130356,0.026241583
0.009197233,0.021037128,0.028491155
0.009051021,-0.016169596,0.004870647
0.0083762,0.008724867,0.055486021
0.011791548,-0.00338119,-0.019499719
0.007041552,-0.003489916,-0.086986885
0.014187165,0.023489082,-0.102358961
0.005924347,-0.040902844,-0.164972054
0.01579549,0.07753331,-0.207338997
0.005391988,-0.147097971,-0.24408201
0.029786796,0.5421787,-0.295072313
0.322397026,1.823576154,-0.380181128
0.689391364,1.740933288,-0.156723623
0.987973767,1.678577159,-0.150724764
1.301510972,1.796192245,-0.143601118
1.587159291,1.768845829,0.354679124
1.862842741,1.828191377,0.192709926
2.127466612,1.714554156,0.220829578
2.383700198,1.734908378,0.484404454
2.636915832,1.740423401,0.231327582
2.877774728,1.788255261,0.47128195
3.108001432,1.834999863,0.565763982
3.317368645,1.836282077,0.486654026
3.519537758,1.902672309,0.688740596
3.712821718,1.920825771,0.589009562
3.893692705,1.947602314,0.609255711
4.060741093,1.949968038,0.617504143
4.210502795,1.943017084,0.517023251
4.346554368,1.949694349,0.605506424
4.469210728,1.952914882,0.437163438
4.581849734,1.95957715,0.356928696
4.683417913,1.936958432,0.38767285
4.77048867,1.932196991,0.287566887
4.844314175,1.929726291,0.368176557
4.90601913,1.912322662,0.391422137
4.956323347,1.895691362,0.288691673
4.994259579,1.858417153,0.225703651
5.019314213,1.829019943,0.11359997
5.033110569,1.801163639,-0.099359532
5.035866092,1.758078224,-0.229459791
5.028368072,1.728598532,-0.276700807
5.011205104,1.700963429,-0.376056912
4.983413693,1.653990128,-0.504282528
4.945192536,1.604024993,-0.546274542
4.897625097,1.563282806,-0.522654034
4.842027279,1.524280232,-0.651254578
4.778871456,1.474337592,-0.605888205
4.706762998,1.422809054,-0.421048356
4.62639922,1.371239276,-0.473538374
4.539215992,1.310649004,-0.399302492
4.443623735,1.250441147,-0.337814185
4.341605675,1.193675025,-0.453292225
4.233289278,1.13584039,-0.448043223
4.116065233,1.069210212,-0.385805059
3.992471621,0.995760301,-0.381305914
3.862249758,0.936006093,-0.452167438
3.730708244,0.897978303,-0.433421003
3.599826556,0.834868591,-0.477287661
3.456876805,0.738766219,-0.689497306
3.303838468,0.672698416,-0.741987324
3.151002577,0.616145996,-0.765232903
2.992573163,0.520474778,-0.866088723
2.822765505,0.43298424,-0.818472778
2.649628725,0.367047658,-0.776480764
2.472547986,0.280494412,-0.848467074
2.288981461,0.190229491,-0.719491602
2.101366004,0.100556939,-0.5470244
1.911156233,0.034537874,-0.514030674
1.719510591,-0.069257786,-0.297696814
1.51884858,-0.165225188,-0.173220486
1.319836133,-0.238082731,-0.228709933
1.114776533,-0.369232307,-0.132353257
0.909619458,-0.443465794,-0.080613097
0.703210215,-0.610723587,-0.046494585
0.493385623,-0.66034005,0.063734453
0.294886791,-0.840240032,0.191960068
0.074197568,-1.015506044,0.191210211
-0.037402962,-0.402982299,0.17696292
-0.016168569,-0.093972289,0.327309329
-0.01847421,-0.179284561,0.245199944
-0.019756372,-0.073111929,0.183336708
-0.017330762,-0.096956625,0.244450086
-0.021106015,-0.063195385,0.074232456
-0.01779189,-0.056004484,-0.010876359
-0.021091019,-0.056855545,-0.034496867
-0.019508937,-0.034754212,-0.096735031
-0.02063364,-0.04586674,-0.059242161
-0.020993545,-0.032178535,-0.053993159
-0.020993545,-0.03628762,-0.019499719
-0.02191955,-0.031421203,0.019117938
-0.021417183,-0.034900429,-0.048369229
-0.022508145,-0.034540509,-0.065615949
-0.02271434,-0.031065032,-0.104983462
-0.022916787,-0.026251103,-0.200965209
-0.023156724,-0.023004325,-0.145475762
-0.024033992,-0.02972658,-0.157848409
-0.025488608,-0.028121937,-0.254205085
-0.026223414,-0.026281096,-0.198340709
-0.027130674,-0.026618521,-0.234708792
-0.028296616,-0.025415039,-0.215962357
-0.028690262,-0.026003658,-0.101984033
-0.029361335,-0.02203704,-0.09710996
-0.029353837,-0.020252437,0.002621075
-0.030362321,-0.030498908,0.026241583
-0.030650995,-0.016023378,-0.049868943
-0.030718477,-0.024035346,-0.018000004
-0.032263069,-0.018066674,0.010869506
-0.030662242,-0.016668235,0.054361235
-0.033496493,-0.027773264,0.079481458
-0.031220844,-0.005476974,0.099727608
-0.033541481,-0.039928061,0.102352109
-0.033410266,0.005583065,0.025866654
-0.032094363,-0.046365379,0.002996003
-0.036784375,0.003292325,-0.055867803
-0.028424083,-0.021017267,-0.142476332
-0.042966492,-0.049645899,-0.228335005
-0.018279262,0.083636952,-0.23245922
-0.116683276,-1.031889899,-0.361059764
-0.472505564,-1.879692556,-0.404551494
-0.812529524,-1.616951003,-0.147725334
-1.11284397,-1.734479858,-0.295822171
-1.422658408,-1.771622846,0.000371503
-1.700857444,-1.790499897,0.356928696
-1.976132252,-1.773384954,0.080231316
-2.235470019,-1.6879902,0.413168001
-2.492644607,-1.750458804,0.465658019
-2.741323938,-1.756806142,0.268820452
-2.978984929,-1.806977481,0.581510988
-3.202845814,-1.823316347,0.545892761
-3.408673961,-1.854670622,0.583385631
-3.608781119,-1.90453453,0.700738314
-3.79834606,-1.926467151,0.585260275
-3.975921668,-1.947893635,0.596883064
-4.137762681,-1.949520773,0.494902458
-4.28431898,-1.953067484,0.490778242
-4.416842734,-1.947721173,0.450285943
-4.535862555,-1.951099172,0.254198232
-4.645153694,-1.955361973,0.311562324
-4.742519233,-1.944868058,0.257572591
-4.826005937,-1.929860146,0.237326441
-4.896438587,-1.914409833,0.423291076
-4.954803175,-1.89778978,0.38167399
-5.001710788,-1.874237519,0.289066602
-5.035418137,-1.847674678,0.28081817
-5.056513816,-1.820107061,0.115099685
-5.066441195,-1.786458296,-0.116981181
-5.065695142,-1.7522734,-0.20958857
-5.055475341,-1.721500246,-0.24108258
-5.035001997,-1.680255671,-0.374557198
-5.004267613,-1.63507822,-0.500533241
-4.963725819,-1.594246053,-0.485536093
-4.91490996,-1.550826962,-0.568395335
-4.85829616,-1.506789258,-0.675999872
-4.792598508,-1.457536464,-0.519654604
-4.719080422,-1.40316231,-0.472413588
-4.63759569,-1.351461311,-0.540275683
-4.548024343,-1.296142366,-0.406801066
-4.45071504,-1.235390881,-0.3824307
-4.346743745,-1.177919915,-0.459291084
-4.23668031,-1.1184244,-0.413174854
-4.118661475,-1.052821493,-0.314193677
-3.993054644,-0.981823536,-0.307819889
-3.861711827,-0.929357707,-0.334439827
-3.730387756,-0.888225607,-0.302945816
-3.595584604,-0.807813495,-0.435670576
-3.448192275,-0.717514832,-0.59876456
-3.29423918,-0.654836275,-0.640756575
-3.138089164,-0.589544549,-0.76035883
-2.973863781,-0.494600669,-0.854840862
-2.801694246,-0.411875321,-0.790728055
-2.626154351,-0.340821127,-0.802725773
-2.445114658,-0.257154739,-0.806849989
-2.260299712,-0.177646175,-0.593890487
-2.070329877,-0.08349337,-0.508031815
-1.878774211,-0.010069703,-0.41992357
-1.68310963,0.091926358,-0.196466065
-1.481341661,0.173474468,-0.193466635
-1.281463193,0.27735636,-0.20958857
-1.073190691,0.381373221,-0.116606252
-0.870627932,0.469471124,-0.024373792
-0.659472442,0.646349277,0.020992581
-0.454735257,0.667254627,0.117724186
-0.246537735,0.937340796,0.268070594
-0.040559628,0.859691819,0.178837564
0.010693088,0.179405649,0.211831289
-0.013308074,0.111354537,0.326184543
-0.002540918,0.131937458,0.17696292
-0.007279666,0.050363104,0.192709926
-0.00465161,0.086819994,0.171713918
-0.00453914,0.028809149,0.024366939
-0.005536377,0.045489188,-0.011251287
-0.002904572,0.022698008,-0.085112241
-0.004602873,0.022919209,-0.050993729
-0.002660886,0.024583839,0.002996003
-0.003339457,0.011386774,0.019117938
-0.002046048,0.021464533,0.098977751
-0.001866096,0.009152271,0.055486021
-0.002023554,0.016538128,-0.017250146
-0.000786381,0.009324733,-0.02774815
-0.000726397,0.006359143,-0.128978899
-0.000329002,0.009403466,-0.169846127
0.00023335,0.006340397,-0.108732749
0.001541754,0.013962451,-0.181468917
0.002827665,0.006032965,-0.216337286
0.003442502,0.009677155,-0.18634299
0.004788397,0.012166601,-0.277825593
0.005346999,-0.002818816,-0.217837001
0.005995578,0.008743612,-0.076488881
0.006171782,0.001518969,-0.06524102
0.006704141,0.004087148,0.002996003
0.007686382,0.002497502,0.007495148
0.007258995,-0.001251664,-0.05961709
0.009313452,0.002808683,-0.040870654
0.007960059,-0.001682818,0.013494007
0.010156979,0.016380664,0.076856957
0.009084762,-0.013413959,0.096728178
0.009534644,0.021996914,0.135345835
0.011454137,-0.023761657,0.127472332
0.00791882,0.006771551,0.025116797
0.014884481,0.011364279,-0.021374362
0.00549696,-0.026138628,-0.067490592
0.018431044,0.070518621,-0.199090566
0.001185598,-0.15501246,-0.236583436
0.051943445,0.745454731,-0.266952661
0.374268329,1.900201609,-0.380930985
0.731605217,1.688771141,-0.194216493
1.030922426,1.699632475,-0.216337286
1.345884254,1.782792726,-0.159723052
1.629838021,1.767334915,0.263196521
1.908194515,1.814934326,0.095978321
2.172930856,1.698563963,0.237326441
2.431736264,1.727151353,0.410168572
2.684187099,1.743962614,0.163465487
2.925214701,1.795952299,0.472406736
3.158275656,1.822440157,0.494902458
3.369963506,1.83344021,0.481030096
3.572380054,1.884110188,0.726983323
3.765840217,1.905214243,0.586010132
3.94846949,1.944524249,0.626502432
4.118412114,1.941723622,0.571012984
4.271412961,1.935245063,0.47128195
4.409282803,1.93813567,0.552641478
4.533873653,1.932376951,0.346055764
4.647731086,1.948044716,0.352804481
4.750896344,1.942844623,0.365926985
4.841367453,1.925066077,0.225703651
4.918019711,1.909218353,0.375675131
4.981771626,1.888144291,0.399295639
5.034036575,1.873230108,0.307063179
5.074413413,1.839435126,0.310437537
5.102081106,1.810697769,0.16833956
5.117624502,1.791985681,-0.031122508
5.122194545,1.75652232,-0.170221056
5.116604771,1.722547378,-0.316443249
5.101125109,1.689311021,-0.413924711
5.075620594,1.648883764,-0.514405603
5.039750066,1.602251637,-0.532777109
4.994312065,1.554236068,-0.515530389
4.940510022,1.510663261,-0.666251726
4.878613867,1.469497418,-0.593515558
4.808372416,1.417110322,-0.461165727
4.729571975,1.363036101,-0.540650612
4.643206031,1.310379064,-0.438670005
4.548862195,1.249773796,-0.340813615
4.447271522,1.197990315,-0.386929845
4.339873632,1.132124967,-0.412050068
4.22434414,1.060253455,-0.386929845
4.101729019,1.0007092,-0.337814185
3.972170731,0.938368068,-0.341563472
3.838930916,0.892950671,-0.317193106
3.708094216,0.833567631,-0.380181128
3.568518574,0.750437373,-0.536526396
3.416155058,0.677988489,-0.601014132
3.262261947,0.619115336,-0.732989035
3.104796029,0.54312349,-0.887834588
2.936604193,0.439545281,-0.826346281
2.763021281,0.378013968,-0.809849418
2.586892791,0.303480548,-0.867963367
2.402910126,0.209545194,-0.699245452
2.215433383,0.135821594,-0.599139489
2.024593778,0.04934708,-0.557147474
1.832340796,-0.026566033,-0.361434693
1.633260867,-0.13964088,-0.278200522
1.431286702,-0.207830711,-0.253455227
1.230114825,-0.319555858,-0.189717348
1.020219002,-0.418935001,-0.117731038
0.816096655,-0.532036091,-0.09710996
0.601623291,-0.682426387,-0.059242161
0.399083026,-0.713113311,0.148843268
0.184189772,-1.018955277,0.188210781
-0.006308673,-0.777197805,0.143594266
-0.031914411,-0.143723721,0.349430122
-0.012966914,-0.164070445,0.293190817
-0.023291688,-0.125045376,0.163465487
-0.017177053,-0.076921082,0.284567457
-0.021454673,-0.097863923,0.0761071
-0.019516435,-0.044697,-0.055867803
-0.020116276,-0.070618734,0.001496289
-0.021383442,-0.041037814,-0.14322619
-0.020135022,-0.048727353,-0.082112811
-0.022174483,-0.045109408,-0.013125931
-0.021132258,-0.038574612,-0.026623364
-0.022496898,-0.040610409,0.057735594
-0.022384428,-0.030735106,-0.006377214
-0.02271434,-0.033846913,-0.023249006
-0.023486636,-0.02595117,-0.070115093
-0.023486636,-0.028823031,-0.186717919
-0.023925271,-0.030862577,-0.134977758
-0.024517614,-0.028958001,-0.190467206
-0.026039712,-0.02680223,-0.222336145
-0.026827004,-0.022955586,-0.176969773
-0.027861731,-0.025182591,-0.256454657
-0.029241367,-0.029070476,-0.231709363
-0.029458809,-0.028853024,-0.142476332
-0.03040356,-0.025744966,-0.137602259
-0.030279843,-0.025100109,-0.09411053
-0.031220844,-0.026659762,-0.018374932
-0.031363306,-0.016349556,-0.022124219
-0.031565753,-0.030213972,-0.047244442
-0.032900401,-0.015985887,-0.004502571
-0.031711964,-0.023124299,0.053986307
-0.03438126,-0.023525459,0.066733882
-0.031801941,-0.006294292,0.143219337
-0.034988599,-0.041678921,0.200583428
-0.033080353,0.006696568,0.089979462
-0.033995111,-0.053818721,0.024741868
-0.036555685,0.012623999,-0.004127642
-0.030133631,-0.048011263,-0.136102544
-0.043671306,-0.018070423,-0.243332153
-0.017570699,0.024422625,-0.25270537
-0.151878982,-1.215032909,-0.419173713
-0.52311345,-1.875905898,-0.406801066
-0.85291386,-1.600750856,-0.200215352
-1.157892074,-1.757001099,-0.331440397
-1.466379362,-1.760596549,0.030740727
-1.745256969,-1.797402111,0.279318455
-2.021855178,-1.756618684,0.071982884
-2.282280158,-1.685478259,0.424040934
-2.541745391,-1.74054226,0.391047208
-2.789266278,-1.749255322,0.293940675
-3.028314402,-1.810156774,0.551516692
-3.254615893,-1.813324819,0.472031807
-3.46169246,-1.8453277,0.578511558
-3.661462207,-1.892540948,0.647498439
-3.85212186,-1.917900307,0.562389624
-4.031635706,-1.940065376,0.569888198
-4.195471192,-1.939293048,0.416167431
-4.344513084,-1.942142414,0.428915007
-4.479046308,-1.936923575,0.350554908
-4.600146829,-1.940207844,0.221204507
-4.710825102,-1.943132194,0.320560612
-4.810207608,-1.93393549,0.245949801
-4.896476078,-1.919883616,0.271819881
-4.969105648,-1.904182108,0.417667146
-5.029809618,-1.889256678,0.438663153
-5.078771689,-1.86533325,0.389172564
-5.114983376,-1.835677347,0.345680835
-5.138463426,-1.805080403,0.230202796
-5.149894157,-1.772961298,-0.043120227
-5.150711442,-1.74229687,-0.203964639
-5.142073723,-1.7091205,-0.286823882
-5.123767307,-1.670590321,-0.464165157
-5.094982408,-1.627891069,-0.556397617
-5.056472577,-1.58671023,-0.490035237
-5.009568713,-1.546549164,-0.587516699
-4.95398964,-1.501630406,-0.690247163
-4.889997788,-1.454912048,-0.51515546
-4.818275478,-1.403454745,-0.509156601
-4.738095401,-1.34863069,-0.562396476
-4.65009114,-1.297300859,-0.396677991
-4.554258947,-1.237767852,-0.341563472
-4.450962474,-1.176873898,-0.379056342
-4.341506378,-1.122271044,-0.349436975
-4.224541015,-1.059881173,-0.290948097
-4.10046378,-0.990649073,-0.297321885
-3.96932341,-0.925376093,-0.281949809
-3.836222308,-0.882339417,-0.207338997
-3.70284378,-0.823574989,-0.349436975
-3.558015774,-0.731199288,-0.508031815
-3.403582805,-0.659031591,-0.550773687
-3.247680225,-0.597695236,-0.792227769
-3.086165376,-0.51442251,-0.901332021
-2.914483212,-0.427183166,-0.781354837
-2.738523427,-0.356803822,-0.839468786
-2.558739653,-0.270719221,-0.811724062
-2.372987454,-0.190936969,-0.602513847
-2.183992362,-0.114315263,-0.565020977
-1.990925845,-0.035654011,-0.466414729
-1.796659645,0.059825999,-0.232834149
-1.594033153,0.157870439,-0.188217634
-1.391950267,0.227822378,-0.174345272
-1.185496035,0.357116117,-0.117731038
-0.97689737,0.426786869,-0.095610245
-0.770413146,0.586152668,-0.088486599
-0.555234968,0.663100551,0.02999087
-0.354869128,0.78358375,0.218205077
-0.131143208,1.037173589,0.146218767
0.00833496,0.49731243,0.194584569
-0.00503026,0.067271843,0.362177698
-0.008348134,0.164360246,0.181087136
-0.003110767,0.066686973,0.191960068
-0.007512105,0.077139648,0.26057202
-0.00257091,0.054955832,0.024741868
-0.006087481,0.034309175,0.032240442
-0.002919568,0.04602157,0.000371503
-0.003583142,0.021142104,-0.127104255
-0.00306203,0.032955726,0.00112136
-0.002503427,0.007412658,0.011619364
-0.002529671,0.015919516,0.0356148
-0.00116878,0.008987308,0.086605104
-0.002072291,0.004814486,0.014618793
-0.000928843,0.017614139,0.017993151
-0.000351496,0.008110003,-0.123354969
-4.03e-05,0.007986281,-0.19496635
0.000240848,0.008874833,-0.132728186
0.001361802,0.01307015,-0.238833008
0.002805171,0.010344506,-0.20958857
0.003240056,0.004297101,-0.179594274
0.00451097,0.010153299,-0.281199951
0.005317007,0.002508749,-0.235833578
0.005808128,0.003071124,-0.152599407
0.006767874,0.007060237,-0.104608533
0.006460455,0.001372752,-0.033747009
0.008095024,0.006314153,0.040863802
0.007757613,-0.000779269,0.027741298
0.008417439,0.009073539,-0.041995441
0.009362189,-0.005165793,0.008245005
0.008578646,0.003014887,0.056235879
0.010981761,-0.005480723,0.06748374
0.008458678,0.000596675,0.182586851
0.012432628,0.018169016,0.178087706
0.008863571,-0.025021377,0.062609667
0.012290166,0.04296225,0.021742438
0.011506623,-0.047677587,-0.089236457
0.009039774,0.054779622,-0.197215922
0.018775953,-0.048689862,-0.235833578
-0.003598138,0.066334551,-0.249331012
0.1755633,1.434034057,-0.375681984
0.553917139,1.880743437,-0.323941823
0.870123638,1.615103778,-0.159348124
1.178505954,1.776430391,-0.284949238
1.480649917,1.749398905,0.085105389
1.757866712,1.806461211,0.242200514
2.031270764,1.730473115,0.067858669
2.289637538,1.673497039,0.417292217
2.548289235,1.724129526,0.281568028
2.794325515,1.743010326,0.22607858
3.032972495,1.795727349,0.481779953
3.254062862,1.78659813,0.395171424
3.459853519,1.829192404,0.523397039
3.659773226,1.872753964,0.564639196
3.847628619,1.892005932,0.515148608
4.024551899,1.902372376,0.530145756
4.185174484,1.901000181,0.40192014
4.329931258,1.901416338,0.461533804
4.460700476,1.897104797,0.401545212
4.579116705,1.895931308,0.285692243
4.687984207,1.891507293,0.372300773
4.785042327,1.88383275,0.286442101
4.867524296,1.862661209,0.27519424
4.936502331,1.857453618,0.430039793
4.994619484,1.844725199,0.399670568
5.041200933,1.80570388,0.296565176
5.074589616,1.788229017,0.279693384
5.095790268,1.759161733,0.100477465
5.105755136,1.713991781,-0.178469487
5.104517963,1.683181135,-0.323191966
5.093263435,1.651088274,-0.413924711
5.072565151,1.61469137,-0.53540161
5.041264666,1.572899417,-0.593515558
4.999654404,1.528640512,-0.501283098
4.949893794,1.487669626,-0.577018696
4.892170287,1.447066158,-0.639631788
4.825647854,1.39046125,-0.449168009
4.750630164,1.337005641,-0.447293365
4.66740964,1.289679919,-0.445043793
4.57637243,1.220282856,-0.288323597
4.477664746,1.166677281,-0.284949238
4.372996136,1.121019937,-0.367058624
4.261309379,1.054922141,-0.355060905
4.141164855,0.993042156,-0.29319767
4.01436209,0.92882644,-0.348312189
3.882531902,0.87294887,-0.334064898
3.751567736,0.828210072,-0.26132873
3.616187236,0.750313651,-0.433795932
3.467748934,0.667202139,-0.573269409
3.314579381,0.608392721,-0.611887065
3.159175419,0.535205251,-0.809099561
2.994732593,0.446867402,-0.864589008
2.822836736,0.38047717,-0.750985612
2.648140368,0.307503403,-0.815848277
2.46647459,0.21621496,-0.76898219
2.280366236,0.140309346,-0.569520122
2.091022486,0.052158955,-0.56989505
1.89848083,-0.015476,-0.470538945
1.702460093,-0.115518746,-0.277075736
1.50032847,-0.195998343,-0.268452375
1.30049499,-0.284684865,-0.243707081
1.090842853,-0.411346689,-0.173220486
0.885164666,-0.484834092,-0.150724764
0.674811464,-0.65148452,-0.141351546
0.465005618,-0.683644866,0.022492296
0.260332166,-0.918065219,0.178087706
0.043050793,-0.961045659,0.1192239
-0.037571667,-0.296071082,0.268820452
-0.012067152,-0.115934903,0.380174276
-0.019853846,-0.16377801,0.190085425
-0.017559452,-0.068245511,0.262446664
-0.017720659,-0.105032328,0.221954364
-0.019673893,-0.055610822,0.004870647
-0.017327013,-0.064875011,0.040863802
-0.020337468,-0.055550835,-0.069740164
-0.018290509,-0.038968274,-0.121105396
-0.020356213,-0.04564179,-0.029622793
-0.01998881,-0.032463471,-0.062991448
-0.020393703,-0.038285926,-0.008626786
-0.02104978,-0.029467887,-0.000378355
-0.020824839,-0.028609328,-0.022499148
-0.02195704,-0.028174425,-0.006752143
-0.022047017,-0.02702718,-0.14022676
-0.022268208,-0.022404459,-0.153724193
-0.02267685,-0.024046593,-0.141726475
-0.023951514,-0.029595359,-0.236208507
-0.025098711,-0.027240883,-0.170595985
-0.025930991,-0.032418481,-0.206964069
-0.027288133,-0.032474719,-0.27295152
-0.02794046,-0.025879936,-0.17771963
-0.028544051,-0.02734211,-0.164972054
-0.028765243,-0.021039762,-0.148100263
-0.028900207,-0.02756706,-0.074614237
-0.030287341,-0.022404459,-0.038621082
-0.029548786,-0.019127688,-0.060741876
-0.03119835,-0.029239188,-0.087361813
-0.030399811,-0.008067648,-0.001503141
-0.031562004,-0.032935866,0.050986877
-0.032214332,-0.008266354,0.08772989
-0.030699732,-0.027102164,0.20883186
-0.034486232,-0.01709564,0.173213633
-0.029653758,-0.014130049,0.077981743
-0.036476956,-0.047250182,0.039739016
-0.029181383,0.029690203,-0.057742446
-0.036578179,-0.096817906,-0.197590851
-0.031164609,0.115021221,-0.245581725
-0.040383425,-0.439442939,-0.285699096
-0.312085426,-1.731311813,-0.450292795
-0.687260104,-1.72768637,-0.288323597
-0.988613026,-1.632446306,-0.285699096
-1.302817554,-1.776575494,-0.2988216
-1.592927195,-1.74220314,0.210706503
-1.870320194,-1.795778723,0.115849542
-2.138779302,-1.673068519,0.139095122
-2.396906138,-1.687806491,0.463033518
-2.652341186,-1.722265076,0.224203936
-2.894662196,-1.747159538,0.338932119
-3.129301485,-1.791710877,0.494527529
-3.34339245,-1.789731318,0.418042074
-3.547207379,-1.842298374,0.548517262
-3.743989164,-1.874706165,0.548142333
-3.929231498,-1.89621888,0.533895043
-4.100624988,-1.902521228,0.47990531
-4.25614517,-1.90161018,0.430414721
-4.398345119,-1.901445217,0.460034089
-4.525204119,-1.894269313,0.297315033
-4.640546161,-1.898760814,0.30106432
-4.74567215,-1.895262842,0.348305336
-4.837492903,-1.879936252,0.244450086
-4.916139635,-1.866409261,0.359553197
-4.982347152,-1.852421123,0.420666575
-5.03673404,-1.830278548,0.307063179
-5.078719203,-1.802422245,0.273694525
-5.10769905,-1.773786115,0.172463776
-5.124715806,-1.74310294,-0.050993729
-5.130635493,-1.71091635,-0.24408201
-5.126938969,-1.679475844,-0.320942393
-5.113468776,-1.643840021,-0.413924711
-5.089152697,-1.602164292,-0.568020407
-5.055156675,-1.55973873,-0.51815489
-5.012238008,-1.518419171,-0.462665442
-4.960479176,-1.472971781,-0.585267127
-4.900457526,-1.428011782,-0.519279676
-4.83250672,-1.383546673,-0.380930985
-4.755891952,-1.325622059,-0.429671716
-4.671006867,-1.271180419,-0.391803918
-4.578612516,-1.216037686,-0.291323026
-4.478390231,-1.157663171,-0.341563472
-4.371550944,-1.104203813,-0.375681984
-4.25818838,-1.041109098,-0.258329301
-4.137736438,-0.982772075,-0.248956083
-4.00904792,-0.91658055,-0.324316752
-3.876452935,-0.866199257,-0.236208507
-3.745608737,-0.820005783,-0.286074024
-3.605673189,-0.725762997,-0.474288232
-3.452923526,-0.650307282,-0.505032385
-3.298048174,-0.601523134,-0.571019836
-3.139899936,-0.524046619,-0.744236896
-2.971022032,-0.427453106,-0.739737751
-2.796033241,-0.360537991,-0.691371949
-2.619098714,-0.283125212,-0.784354267
-2.434812378,-0.192249177,-0.643756004
-2.246724547,-0.119196677,-0.497533811
-2.054951438,-0.040085526,-0.536526396
-1.861832435,0.032513325,-0.353186262
-1.661871489,0.144103502,-0.242582295
-1.458202771,0.218775641,-0.293947527
-1.255032672,0.330485791,-0.24108258
-1.044450781,0.419367269,-0.1316034
-0.83966111,0.533034484,-0.078363524
-0.624119278,0.671408703,-0.037871225
-0.421001665,0.705368648,0.203957787
-0.20448509,1.014659847,0.255323019
-0.015902389,0.744734891,0.155966913
0.006288001,0.109255004,0.356178839
-0.011860956,0.137328759,0.334058046
-0.00131874,0.107324183,0.210331575
-0.007519603,0.057677727,0.311187395
-0.002713372,0.076457299,0.129721904
-0.004737837,0.030068869,-0.061491733
-0.003954294,0.0481361,-0.066740735
-0.002687129,0.026803345,-0.185593133
-0.003635629,0.024857528,-0.171720771
-0.001671147,0.01518093,-0.060366947
-0.002874579,0.018888856,-0.028498007
-0.000955086,0.015608335,0.044988018
-0.00116878,0.009755887,0.0356148
-0.000906349,0.016571871,0.028116226
0.000237099,0.010663185,0.010119649
0.000188362,0.010479476,-0.086237027
0.00068698,0.005549323,-0.03637151
0.000893176,0.006317902,-0.115481466
0.001616734,0.008762358,-0.182968632
0.002152843,0.004604533,-0.114731608
0.00220158,0.003663492,-0.238083151
0.002812669,0.002894913,-0.242207366
0.003165076,-0.001626581,-0.163847268
0.002992621,0.000877862,-0.186717919
0.0028839,0.001661438,-0.140601689
0.003045107,0.001871391,-0.088486599
0.003097593,0.002122585,-0.092235886
0.002906394,-7.44e-05,-0.145850691
0.003120088,0.000334233,-0.079863239
0.003135084,-0.000603058,0.04423816
0.00303386,-0.000610557,0.061859809
0.003022613,-0.000576814,0.173963491
0.003090095,0.001545214,0.266945808
0.00333753,0.00021426,0.175838134
0.003281295,-0.001446621,0.08772989
0.003330032,0.000997835,0.034115085
0.003311287,0.000540437,-0.096360102
0.003210064,0.000870364,-0.196466065
0.003315036,-0.000520577,-0.243707081
0.003292542,-0.002961284,-0.354685976
0.003288793,-0.004734639,-0.442419292
0.003405012,-0.001277908,-0.436420433
0.003524981,0.001346508,-0.398927563
0.003506236,-0.005893132,-0.368558338
0.003401263,-0.003808595,-0.266577732
0.003423757,9.05e-05,-0.161972625
0.003558722,-0.002275187,-0.182218774
0.003494989,-0.001375387,-0.16609684
0.003558722,-0.002687595,-0.101984033
